,Date,Latitude,Longitude,cld,dtr,frs,pet,pre,tmn,tmp,tmx,vap,wet
0,1901-01-16,41.9952,122.8224,26.30000114440918,11.5,31.0,0.5,4.800000190734863,-15.60000038146973,-9.800000190734863,-4.099999904632568,2.200000047683716,3.02999997099537
1,1901-02-15,41.9952,122.8224,30.0,11.60000038146973,27.97999954199074,1.0,5.599999904632568,-13.40000057220459,-7.599999904632568,-1.800000071525574,1.800000071525574,3.199999808993056
2,1901-03-16,41.9952,122.8224,36.29999923706055,11.19999980926514,25.569999695,2.0,11.40000057220459,-4.300000190734863,1.300000071525574,6.900000095367432,3.5,3.980000018993055
3,1901-04-16,41.9952,122.8224,49.0,12.19999980926514,7.35999965699074,3.5,34.20000076293945,4.0,10.10000038146973,16.20000076293945,6.599999904632568,6.11999988599537
4,1901-05-16,41.9952,122.8224,53.79999923706055,12.19999980926514,0.0,4.599999904632568,46.90000152587891,10.90000057220459,17.0,23.10000038146973,10.60000038146973,8.639999389988425
5,1901-06-16,41.9952,122.8224,58.79999923706055,10.40000057220459,0.0,4.599999904632568,79.5,16.80000114440918,22.0,27.20000076293945,17.5,11.25999927498843
6,1901-07-16,41.9952,122.8224,66.5999984741211,8.40000057220459,0.0,3.900000095367432,165.1000061035156,20.39999961853027,24.60000038146973,28.80000114440918,24.39999961853027,14.22999954199074
7,1901-08-16,41.9952,122.8224,58.79999923706055,9.100000381469727,0.0,3.799999952316284,138.1000061035156,19.80000114440918,24.30000114440918,28.89999961853027,23.0,11.59000015299769
8,1901-09-16,41.9952,122.8224,42.5,11.69999980926514,0.0,3.299999952316284,70.70000457763672,12.80000019073486,18.60000038146973,24.5,14.60000038146973,7.679999827997685
9,1901-10-16,41.9952,122.8224,37.60000228881836,11.90000057220459,6.26999998099537,2.200000047683716,35.90000152587891,4.599999904632568,10.5,16.5,8.100000381469727,6.960000037997685
10,1901-11-16,41.9952,122.8224,36.29999923706055,10.5,24.01999855,1.200000047683716,13.19999980926514,-3.600000143051147,1.700000047683716,7.0,4.5,4.75999975199074
11,1901-12-16,41.9952,122.8224,28.80000114440918,10.60000038146973,30.97999954199074,0.5,5.800000190734863,-13.40000057220459,-8.100000381469727,-2.799999952316284,2.299999952316284,3.0
12,1902-01-16,41.9952,122.8224,26.30000114440918,11.5,31.0,0.4000000059604645,4.800000190734863,-15.60000038146973,-9.800000190734863,-4.099999904632568,2.400000095367432,3.02999997099537
13,1902-02-15,41.9952,122.8224,30.0,11.60000038146973,27.87999916099537,0.9000000357627869,5.599999904632568,-12.5,-6.700000286102295,-0.9000000357627869,2.400000095367432,3.199999808993056
14,1902-03-16,41.9952,122.8224,36.29999923706055,11.19999980926514,25.14999961899306,2.299999952316284,11.40000057220459,-3.900000095367432,1.700000047683716,7.300000190734863,3.0,3.980000018993055
15,1902-04-16,41.9952,122.8224,49.0,12.19999980926514,8.510000228993055,3.299999952316284,34.20000076293945,3.5,9.600000381469727,15.69999980926514,6.700000286102295,6.11999988599537
16,1902-05-16,41.9952,122.8224,53.79999923706055,12.19999980926514,0.0,4.400000095367432,46.90000152587891,10.10000038146973,16.20000076293945,22.30000114440918,10.60000038146973,8.639999389988425
17,1902-06-16,41.9952,122.8224,58.79999923706055,10.40000057220459,0.0,4.400000095367432,79.5,16.30000114440918,21.5,26.70000076293945,17.30000114440918,11.25999927498843
18,1902-07-16,41.9952,122.8224,66.4000015258789,8.40000057220459,0.0,3.799999952316284,165.1000061035156,19.80000114440918,24.0,28.20000076293945,23.60000038146973,14.22999954199074
19,1902-08-16,41.9952,122.8224,58.79999923706055,9.100000381469727,0.0,3.5,138.1000061035156,18.39999961853027,22.89999961853027,27.5,22.10000038146973,11.59000015299769
20,1902-09-16,41.9952,122.8224,42.5,11.69999980926514,0.0,3.400000095367432,70.70000457763672,12.5,18.30000114440918,24.20000076293945,13.69999980926514,7.679999827997685
21,1902-10-16,41.9952,122.8224,37.40000152587891,11.90000057220459,4.449999808993056,2.200000047683716,35.90000152587891,5.5,11.40000057220459,17.39999961853027,8.699999809265137,6.960000037997685
22,1902-11-16,41.9952,122.8224,36.29999923706055,10.5,22.79999923699074,1.200000047683716,13.19999980926514,-2.5,2.799999952316284,8.100000381469727,5.0,4.75999975199074
23,1902-12-16,41.9952,122.8224,28.80000114440918,10.60000038146973,30.64999961899306,0.6000000238418579,5.800000190734863,-11.60000038146973,-6.300000190734863,-1.0,2.700000047683716,3.0
24,1903-01-16,41.9952,122.8224,26.30000114440918,11.5,31.0,0.5,4.800000190734863,-15.0,-9.199999809265137,-3.5,2.200000047683716,3.02999997099537
25,1903-02-15,41.9952,122.8224,30.0,11.60000038146973,27.680000305,1.0,5.599999904632568,-11.60000038146973,-5.800000190734863,0.0,2.5,3.199999808993056
26,1903-03-16,41.9952,122.8224,36.29999923706055,11.19999980926514,24.930000305,2.0,11.40000057220459,-3.700000047683716,1.899999976158142,7.5,3.900000095367432,3.980000018993055
27,1903-04-16,41.9952,122.8224,48.90000152587891,12.19999980926514,6.279999732997685,3.600000143051147,34.20000076293945,4.5,10.60000038146973,16.70000076293945,6.700000286102295,6.11999988599537
28,1903-05-16,41.9952,122.8224,53.79999923706055,12.19999980926514,0.0,4.5,46.90000152587891,10.60000038146973,16.70000076293945,22.80000114440918,10.80000019073486,8.639999389988425
29,1903-06-16,41.9952,122.8224,58.79999923706055,10.40000057220459,0.0,4.700000286102295,79.5,16.70000076293945,21.89999961853027,27.10000038146973,16.60000038146973,11.25999927498843
30,1903-07-16,41.9952,122.8224,66.5,8.40000057220459,0.0,4.0,165.1000061035156,20.39999961853027,24.60000038146973,28.80000114440918,23.60000038146973,14.22999954199074
31,1903-08-16,41.9952,122.8224,58.79999923706055,9.100000381469727,0.0,3.700000047683716,138.1000061035156,19.70000076293945,24.20000076293945,28.80000114440918,23.5,11.59000015299769
32,1903-09-16,41.9952,122.8224,42.40000152587891,11.69999980926514,0.0,3.299999952316284,70.70000457763672,12.69999980926514,18.5,24.39999961853027,14.5,7.679999827997685
33,1903-10-16,41.9952,122.8224,37.5,11.90000057220459,8.30999946599537,2.100000143051147,35.90000152587891,3.700000047683716,9.600000381469727,15.60000038146973,7.400000095367432,6.960000037997685
34,1903-11-16,41.9952,122.8224,36.29999923706055,10.5,25.04999923699074,1.200000047683716,13.19999980926514,-4.599999904632568,0.699999988079071,6.0,3.900000095367432,4.75999975199074
35,1903-12-16,41.9952,122.8224,28.80000114440918,10.60000038146973,30.89999961899306,0.5,5.800000190734863,-12.69999980926514,-7.400000095367432,-2.100000143051147,2.5,3.0
36,1904-01-16,41.9952,122.8224,26.30000114440918,11.5,31.0,0.4000000059604645,4.800000190734863,-16.70000076293945,-10.90000057220459,-5.200000286102295,2.0,3.02999997099537
37,1904-02-15,41.9952,122.8224,30.0,11.60000038146973,28.82999992399306,0.800000011920929,5.599999904632568,-12.30000019073486,-6.5,-0.699999988079071,2.799999952316284,3.199999808993056
38,1904-03-16,41.9952,122.8224,36.29999923706055,11.19999980926514,26.680000305,1.800000071525574,11.40000057220459,-5.400000095367432,0.2000000029802322,5.800000190734863,3.700000047683716,3.980000018993055
39,1904-04-16,41.9952,122.8224,48.90000152587891,12.19999980926514,8.269999503993056,3.400000095367432,34.20000076293945,3.600000143051147,9.699999809265137,15.80000019073486,6.5,6.11999988599537
40,1904-05-16,41.9952,122.8224,53.79999923706055,12.19999980926514,0.0,4.599999904632568,46.90000152587891,10.80000019073486,16.89999961853027,23.0,10.60000038146973,8.639999389988425
41,1904-06-16,41.9952,122.8224,58.79999923706055,10.40000057220459,0.0,4.700000286102295,79.5,17.5,22.70000076293945,27.89999961853027,17.60000038146973,11.25999927498843
42,1904-07-16,41.9952,122.8224,66.5999984741211,8.40000057220459,0.0,4.0,165.1000061035156,20.80000114440918,25.0,29.20000076293945,23.89999961853027,14.22999954199074
43,1904-08-16,41.9952,122.8224,58.79999923706055,9.100000381469727,0.0,3.799999952316284,138.1000061035156,20.0,24.5,29.10000038146973,23.10000038146973,11.59000015299769
44,1904-09-16,41.9952,122.8224,42.40000152587891,11.69999980926514,0.0,3.400000095367432,70.70000457763672,12.80000019073486,18.60000038146973,24.5,14.10000038146973,7.679999827997685
45,1904-10-16,41.9952,122.8224,37.29999923706055,12.0,8.30999946599537,2.100000143051147,35.90000152587891,3.700000047683716,9.699999809265137,15.69999980926514,7.800000190734863,6.960000037997685
46,1904-11-16,41.9952,122.8224,36.29999923706055,11.10000038146973,24.75,1.300000071525574,13.19999980926514,-4.300000190734863,1.300000071525574,6.900000095367432,3.900000095367432,4.75999975199074
47,1904-12-16,41.9952,122.8224,28.80000114440918,10.69999980926514,30.79999923699074,0.6000000238418579,5.800000190734863,-12.19999980926514,-6.800000190734863,-1.5,2.5,3.0
48,1905-01-16,41.9952,122.8224,26.30000114440918,11.60000038146973,30.79999923699074,0.699999988079071,4.599999904632568,-12.19999980926514,-6.400000095367432,-0.6000000238418579,2.5,3.199999808993056
49,1905-02-15,41.9952,122.8224,30.0,10.80000019073486,27.98999977099537,1.0,4.400000095367432,-13.60000038146973,-8.199999809265137,-2.799999952316284,1.700000047683716,2.889999865995371
50,1905-03-16,41.9952,122.8224,36.29999923706055,11.10000038146973,26.09000015299768,1.899999976158142,13.40000057220459,-4.800000190734863,0.800000011920929,6.400000095367432,3.5,4.42000007599537
51,1905-04-16,41.9952,122.8224,49.60000228881836,11.60000038146973,10.92999935199074,3.299999952316284,30.89999961853027,2.5,8.300000190734863,14.10000038146973,5.599999904632568,5.940000056990741
52,1905-05-16,41.9952,122.8224,53.20000076293945,13.0,0.1099999989930556,4.599999904632568,67.5,9.300000190734863,15.80000019073486,22.30000114440918,9.40000057220459,10.46000003799768
53,1905-06-16,41.9952,122.8224,57.20000076293945,11.90000057220459,0.0,4.800000190734863,48.90000152587891,15.80000019073486,21.70000076293945,27.70000076293945,16.39999961853027,9.35999965699074
54,1905-07-16,41.9952,122.8224,65.5999984741211,9.40000057220459,0.0,4.099999904632568,252.6999969482422,19.60000038146973,24.30000114440918,29.0,22.39999961853027,17.75
55,1905-08-16,41.9952,122.8224,58.29999923706055,9.5,0.0,3.700000047683716,43.79999923706055,18.60000038146973,23.30000114440918,28.10000038146973,21.30000114440918,7.099999905
56,1905-09-16,41.9952,122.8224,42.29999923706055,12.30000019073486,0.0,3.299999952316284,38.10000228881836,11.80000019073486,17.89999961853027,24.10000038146973,13.40000057220459,5.460000037997686
57,1905-10-16,41.9952,122.8224,34.20000076293945,12.90000057220459,8.079999923993055,2.299999952316284,33.40000152587891,3.799999952316284,10.19999980926514,16.70000076293945,7.5,7.309999942997685
58,1905-11-16,41.9952,122.8224,36.29999923706055,11.40000057220459,26.0,1.200000047683716,10.10000038146973,-5.599999904632568,0.1000000014901161,5.800000190734863,3.600000143051147,4.480000018993056
59,1905-12-16,41.9952,122.8224,28.80000114440918,10.10000038146973,30.48999977099537,0.699999988079071,4.0,-11.10000038146973,-6.0,-1.0,2.5,2.329999923993055
60,1906-01-16,41.9952,122.8224,0.0,11.5,31.0,0.5,3.700000047683716,-17.10000038146973,-11.30000019073486,-5.599999904632568,1.800000071525574,3.089999913993056
61,1906-02-15,41.9952,122.8224,26.10000038146973,11.90000057220459,28.0,0.800000011920929,8.300000190734863,-16.30000114440918,-10.30000019073486,-4.400000095367432,1.600000023841858,3.819999932997685
62,1906-03-16,41.9952,122.8224,30.10000038146973,11.0,26.57999992399306,2.0,6.400000095367432,-5.300000190734863,0.2000000029802322,5.700000286102295,3.100000143051147,3.389999865995371
63,1906-04-16,41.9952,122.8224,41.70000076293945,13.10000038146973,9.220000266990741,3.799999952316284,16.80000114440918,3.200000047683716,9.699999809265137,16.30000114440918,5.599999904632568,4.67000007599537
64,1906-05-16,41.9952,122.8224,54.60000228881836,13.60000038146973,0.01,4.800000190734863,29.70000076293945,9.800000190734863,16.60000038146973,23.39999961853027,9.600000381469727,7.230000018993056
65,1906-06-16,41.9952,122.8224,58.90000152587891,12.30000019073486,0.0,4.599999904632568,94.0,15.60000038146973,21.70000076293945,27.89999961853027,17.10000038146973,12.44999980899306
66,1906-07-16,41.9952,122.8224,68.0,9.699999809265137,0.0,4.0,200.9000091552734,20.0,24.80000114440918,29.70000076293945,23.5,16.09000015299769
67,1906-08-16,41.9952,122.8224,49.5,10.0,0.0,4.099999904632568,36.0,18.80000114440918,23.80000114440918,28.80000114440918,21.30000114440918,6.61999988599537
68,1906-09-16,41.9952,122.8224,33.5,12.90000057220459,0.0,3.5,18.0,11.10000038146973,17.5,24.0,12.60000038146973,4.150000095
69,1906-10-16,41.9952,122.8224,30.5,13.60000038146973,8.079999923993055,2.299999952316284,52.0,3.799999952316284,10.60000038146973,17.39999961853027,7.800000190734863,8.679999351990741
70,1906-11-16,41.9952,122.8224,11.30000019073486,11.19999980926514,27.90999984699074,1.200000047683716,2.100000143051147,-8.0,-2.400000095367432,3.200000047683716,2.700000047683716,0.9499999879976853
71,1906-12-16,41.9952,122.8224,11.0,11.0,30.819999695,0.699999988079071,5.099999904632568,-12.30000019073486,-6.800000190734863,-1.300000071525574,2.299999952316284,3.189999818993056
72,1907-01-16,41.9952,122.8224,7.200000286102295,10.30000019073486,30.96999931299769,0.4000000059604645,1.300000071525574,-13.30000019073486,-8.100000381469727,-3.0,2.700000047683716,1.879999995
73,1907-02-15,41.9952,122.8224,14.90000057220459,11.90000057220459,28.0,0.9000000357627869,2.700000047683716,-15.60000038146973,-9.600000381469727,-3.700000047683716,1.600000023841858,2.549999951990741
74,1907-03-16,41.9952,122.8224,18.80000114440918,11.60000038146973,26.86999893199074,2.100000143051147,3.799999952316284,-5.599999904632568,0.2000000029802322,6.0,3.100000143051147,2.690000056990741
75,1907-04-16,41.9952,122.8224,44.29999923706055,13.80000019073486,9.460000037997684,3.700000047683716,22.70000076293945,3.100000143051147,10.0,16.89999961853027,6.099999904632568,5.319999694988426
76,1907-05-16,41.9952,122.8224,57.90000152587891,12.69999980926514,0.0,4.599999904632568,81.80000305175781,10.0,16.30000114440918,22.70000076293945,9.5,11.43999958
77,1907-06-16,41.9952,122.8224,52.5,11.5,0.0,4.900000095367432,50.40000152587891,16.0,21.70000076293945,27.5,16.0,9.529999732997686
78,1907-07-16,41.9952,122.8224,67.20000457763672,8.800000190734863,0.0,4.0,91.20000457763672,20.10000038146973,24.5,28.89999961853027,22.89999961853027,10.96000003799768
79,1907-08-16,41.9952,122.8224,57.29999923706055,10.30000019073486,0.0,3.799999952316284,174.0,19.30000114440918,24.39999961853027,29.60000038146973,23.60000038146973,13.40999984699074
80,1907-09-16,41.9952,122.8224,45.10000228881836,12.60000038146973,0.0,3.200000047683716,69.5,12.0,18.30000114440918,24.60000038146973,14.40000057220459,7.849999905
81,1907-10-16,41.9952,122.8224,35.0,12.90000057220459,5.639999865995371,2.200000047683716,43.40000152587891,4.900000095367432,11.30000019073486,17.80000114440918,8.699999809265137,7.88999986599537
82,1907-11-16,41.9952,122.8224,23.80000114440918,10.69999980926514,26.60999870299769,1.200000047683716,20.0,-6.300000190734863,-0.9000000357627869,4.5,3.299999952316284,6.089999675995371
83,1907-12-16,41.9952,122.8224,4.700000286102295,11.80000019073486,31.0,0.699999988079071,8.5,-15.10000038146973,-9.199999809265137,-3.299999952316284,1.700000047683716,3.549999951990741
84,1908-01-16,41.9952,122.8224,12.19999980926514,11.0,31.0,0.5,5.300000190734863,-17.60000038146973,-12.10000038146973,-6.599999904632568,1.700000047683716,3.220000028993055
85,1908-02-15,41.9952,122.8224,11.10000038146973,11.5,29.0,0.9000000357627869,0.4000000059604645,-15.30000019073486,-9.5,-3.799999952316284,1.600000023841858,0.74000001
86,1908-03-16,41.9952,122.8224,23.80000114440918,10.60000038146973,27.13999939,2.0,3.799999952316284,-5.900000095367432,-0.6000000238418579,4.700000286102295,2.799999952316284,2.039999961990741
87,1908-04-16,41.9952,122.8224,43.90000152587891,13.0,10.92999935199074,3.600000143051147,8.90000057220459,2.5,9.0,15.5,5.400000095367432,3.480000018993055
88,1908-05-16,41.9952,122.8224,57.70000076293945,12.80000019073486,0.2299999889930555,4.400000095367432,45.29999923706055,9.0,15.40000057220459,21.80000114440918,9.300000190734863,8.429999351990741
89,1908-06-16,41.9952,122.8224,59.40000152587891,12.30000019073486,0.0,4.700000286102295,75.5,16.0,22.10000038146973,28.30000114440918,17.30000114440918,11.17000007599537
90,1908-07-16,41.9952,122.8224,67.0999984741211,9.199999809265137,0.0,3.799999952316284,163.8000030517578,19.39999961853027,24.0,28.60000038146973,23.5,14.61999988599537
91,1908-08-16,41.9952,122.8224,55.40000152587891,9.40000057220459,0.0,3.799999952316284,121.7000045776367,19.20000076293945,23.89999961853027,28.60000038146973,22.80000114440918,11.34999942799769
92,1908-09-16,41.9952,122.8224,42.29999923706055,12.19999980926514,0.0,3.200000047683716,120.8000030517578,11.5,17.60000038146973,23.70000076293945,13.80000019073486,10.13999939
93,1908-10-16,41.9952,122.8224,32.10000228881836,13.19999980926514,6.48999977099537,2.299999952316284,31.20000076293945,4.5,11.10000038146973,17.70000076293945,8.40000057220459,6.849999905
94,1908-11-16,41.9952,122.8224,12.5,11.5,26.85999870299769,1.100000023841858,6.599999904632568,-6.599999904632568,-0.800000011920929,5.0,3.5,3.569999932997685
95,1908-12-16,41.9952,122.8224,28.80000114440918,11.69999980926514,30.64999961899306,0.699999988079071,0.9000000357627869,-11.60000038146973,-5.700000286102295,0.2000000029802322,2.5,1.25999999
96,1909-01-16,41.9952,122.8224,0.0,11.40000057220459,31.0,0.5,1.899999976158142,-16.0,-10.30000019073486,-4.599999904632568,1.899999976158142,2.190000056990741
97,1909-02-15,41.9952,122.8224,14.90000057220459,12.10000038146973,28.0,1.0,2.799999952316284,-13.80000019073486,-7.700000286102295,-1.700000047683716,1.800000071525574,1.88999998599537
98,1909-03-16,41.9952,122.8224,30.10000038146973,10.40000057220459,28.62999916099537,1.700000047683716,11.69999980926514,-7.700000286102295,-2.5,2.700000047683716,2.600000143051147,3.659999846990741
99,1909-04-16,41.9952,122.8224,46.20000076293945,12.30000019073486,13.21000003799769,3.200000047683716,19.10000038146973,1.600000023841858,7.700000286102295,13.90000057220459,5.700000286102295,4.460000037997686
100,1909-05-16,41.9952,122.8224,54.60000228881836,13.30000019073486,0.05999999899305555,4.700000286102295,38.70000076293945,9.5,16.10000038146973,22.80000114440918,9.300000190734863,7.960000037997685
101,1909-06-16,41.9952,122.8224,55.0,11.19999980926514,0.0,4.599999904632568,45.0,15.10000038146973,20.70000076293945,26.30000114440918,15.60000038146973,8.699999808993056
102,1909-07-16,41.9952,122.8224,69.0,9.40000057220459,0.0,3.900000095367432,180.5,20.20000076293945,24.89999961853027,29.60000038146973,24.60000038146973,15.27999973299768
103,1909-08-16,41.9952,122.8224,60.70000076293945,10.0,0.0,3.700000047683716,206.6999969482422,19.30000114440918,24.30000114440918,29.30000114440918,23.5,13.88000011399306
104,1909-09-16,41.9952,122.8224,45.10000228881836,13.0,0.0,3.100000143051147,77.5999984741211,10.90000057220459,17.39999961853027,23.89999961853027,13.80000019073486,8.23999977099537
105,1909-10-16,41.9952,122.8224,34.40000152587891,12.40000057220459,10.26999950399306,2.100000143051147,27.60000038146973,2.900000095367432,9.100000381469727,15.30000019073486,7.200000286102295,6.599999905
106,1909-11-16,41.9952,122.8224,22.5,12.19999980926514,25.43999862699074,1.300000071525574,18.89999961853027,-5.0,1.100000023841858,7.200000286102295,4.0,5.829999923993055
107,1909-12-16,41.9952,122.8224,28.80000114440918,10.80000019073486,31.0,0.6000000238418579,2.299999952316284,-14.90000057220459,-9.5,-4.099999904632568,1.800000071525574,1.829999923993056
108,1910-01-16,41.9952,122.8224,3.400000095367432,10.60000038146973,31.0,0.4000000059604645,3.799999952316284,-17.39999961853027,-12.10000038146973,-6.800000190734863,1.800000071525574,2.61999988599537
109,1910-02-15,41.9952,122.8224,9.90000057220459,12.69999980926514,28.0,1.0,1.5,-15.10000038146973,-8.699999809265137,-2.400000095367432,1.800000071525574,1.549999951990741
110,1910-03-16,41.9952,122.8224,27.60000038146973,10.90000057220459,28.09000015299768,1.800000071525574,17.10000038146973,-7.0,-1.5,4.0,2.900000095367432,5.039999961990741
111,1910-04-16,41.9952,122.8224,48.40000152587891,12.30000019073486,10.18999958,3.400000095367432,28.39999961853027,2.799999952316284,8.90000057220459,15.10000038146973,5.900000095367432,5.679999827997685
112,1910-05-16,41.9952,122.8224,49.0,13.30000019073486,0.0,4.800000190734863,25.89999961853027,10.0,16.60000038146973,23.30000114440918,9.800000190734863,6.46999979
113,1910-06-16,41.9952,122.8224,55.29999923706055,11.40000057220459,0.0,4.5,108.8000030517578,15.0,20.70000076293945,26.39999961853027,16.30000114440918,13.30999946599537
114,1910-07-16,41.9952,122.8224,67.70000457763672,9.0,0.0,4.0,93.0,20.39999961853027,24.89999961853027,29.39999961853027,23.80000114440918,11.05000019099537
115,1910-08-16,41.9952,122.8224,66.0,9.600000381469727,0.0,3.400000095367432,130.6000061035156,18.70000076293945,23.5,28.30000114440918,23.0,11.59000015299769
116,1910-09-16,41.9952,122.8224,40.70000076293945,12.0,0.0,3.100000143051147,37.5,10.69999980926514,16.70000076293945,22.70000076293945,13.10000038146973,5.92000007599537
117,1910-10-16,41.9952,122.8224,34.10000228881836,12.80000019073486,6.710000037997685,2.200000047683716,45.0,4.400000095367432,10.80000019073486,17.20000076293945,8.5,7.63999986599537
118,1910-11-16,41.9952,122.8224,27.5,10.19999980926514,25.90999984699074,1.0,17.60000038146973,-5.5,-0.4000000059604645,4.700000286102295,4.099999904632568,5.42000007599537
119,1910-12-16,41.9952,122.8224,28.80000114440918,11.5,31.0,0.6000000238418579,1.399999976158142,-16.70000076293945,-10.90000057220459,-5.200000286102295,1.600000023841858,1.629999995
120,1911-01-16,41.9952,122.8224,2.200000047683716,12.19999980926514,31.0,0.4000000059604645,12.60000038146973,-17.89999961853027,-11.80000019073486,-5.700000286102295,1.899999976158142,4.849999905
121,1911-02-15,41.9952,122.8224,18.60000038146973,11.5,28.0,0.800000011920929,5.5,-13.90000057220459,-8.100000381469727,-2.400000095367432,2.299999952316284,3.14999985699074
122,1911-03-16,41.9952,122.8224,37.60000228881836,9.40000057220459,27.31999969498843,1.5,27.5,-6.099999904632568,-1.399999976158142,3.299999952316284,3.400000095367432,6.480000018993056
123,1911-04-16,41.9952,122.8224,49.40000152587891,11.40000057220459,11.17999935199074,3.100000143051147,60.5,2.400000095367432,8.100000381469727,13.80000019073486,6.099999904632568,8.269999503993056
124,1911-05-16,41.9952,122.8224,52.0,13.30000019073486,0.05999999899305555,4.599999904632568,45.90000152587891,9.5,16.10000038146973,22.80000114440918,9.90000057220459,8.43999958
125,1911-06-16,41.9952,122.8224,53.70000076293945,11.30000019073486,0.0,4.700000286102295,103.4000015258789,15.5,21.10000038146973,26.80000114440918,16.39999961853027,12.82999992399306
126,1911-07-16,41.9952,122.8224,69.30000305175781,9.100000381469727,0.0,3.799999952316284,263.3999938964844,19.20000076293945,23.70000076293945,28.30000114440918,22.80000114440918,18.05999946599537
127,1911-08-16,41.9952,122.8224,59.5,9.699999809265137,0.0,3.600000143051147,214.3000030517578,19.0,23.80000114440918,28.70000076293945,23.10000038146973,14.43999958
128,1911-09-16,41.9952,122.8224,46.70000076293945,11.60000038146973,0.0,3.0,112.7000045776367,12.69999980926514,18.5,24.30000114440918,16.0,9.649999618993055
129,1911-10-16,41.9952,122.8224,34.40000152587891,12.30000019073486,10.26999950399306,2.100000143051147,27.39999961853027,2.900000095367432,9.0,15.19999980926514,7.200000286102295,6.73999977099537
130,1911-11-16,41.9952,122.8224,31.30000114440918,9.600000381469727,23.79999923699074,1.100000023841858,29.70000076293945,-3.400000095367432,1.399999976158142,6.200000286102295,4.400000095367432,7.559999942997685
131,1911-12-16,41.9952,122.8224,28.80000114440918,11.0,31.0,0.6000000238418579,5.099999904632568,-14.40000057220459,-8.90000057220459,-3.400000095367432,2.0,2.87999987599537
132,1912-01-16,41.9952,122.8224,0.0,12.0,31.0,0.6000000238418579,0.2000000029802322,-15.80000019073486,-9.800000190734863,-3.799999952316284,1.800000071525574,0.3100000019907407
133,1912-02-15,41.9952,122.8224,29.89999961853027,11.60000038146973,28.04999923699074,1.100000023841858,12.19999980926514,-9.90000057220459,-4.099999904632568,1.700000047683716,2.900000095367432,4.929999827997685
134,1912-03-16,41.9952,122.8224,28.80000114440918,11.5,26.95999908399306,1.899999976158142,4.099999904632568,-5.700000286102295,0.1000000014901161,5.900000095367432,3.400000095367432,2.789999961990741
135,1912-04-16,41.9952,122.8224,45.90000152587891,12.40000057220459,9.93999958,3.5,27.10000038146973,2.900000095367432,9.100000381469727,15.30000019073486,5.800000190734863,5.819999695
136,1912-05-16,41.9952,122.8224,60.0,11.80000019073486,0.1899999979976852,4.200000286102295,97.5999984741211,9.100000381469727,15.0,20.89999961853027,9.40000057220459,12.38000011399306
137,1912-06-16,41.9952,122.8224,53.90000152587891,11.80000019073486,0.0,4.700000286102295,57.79999923706055,15.80000019073486,21.70000076293945,27.60000038146973,17.20000076293945,10.01999950399306
138,1912-07-16,41.9952,122.8224,67.5,9.300000190734863,0.0,4.0,109.8000030517578,20.10000038146973,24.70000076293945,29.39999961853027,23.5,12.25
139,1912-08-16,41.9952,122.8224,60.5,9.600000381469727,0.0,3.600000143051147,150.8000030517578,19.10000038146973,23.89999961853027,28.70000076293945,23.30000114440918,12.5
140,1912-09-16,41.9952,122.8224,36.10000228881836,12.60000038146973,0.1099999989930556,3.100000143051147,42.29999923706055,9.300000190734863,15.60000038146973,21.89999961853027,12.10000038146973,6.210000037997685
141,1912-10-16,41.9952,122.8224,36.20000076293945,11.90000057220459,13.92000007599537,1.899999976158142,61.90000152587891,1.5,7.400000095367432,13.40000057220459,6.599999904632568,9.699999808993056
142,1912-11-16,41.9952,122.8224,12.5,10.60000038146973,28.29999923699074,0.9000000357627869,6.5,-8.600000381469727,-3.299999952316284,2.0,3.100000143051147,3.77999997099537
143,1912-12-16,41.9952,122.8224,28.80000114440918,11.0,31.0,0.5,5.0,-15.80000019073486,-10.30000019073486,-4.800000190734863,1.800000071525574,3.470000028993055
144,1913-01-16,41.9952,122.8224,0.0,11.60000038146973,31.0,0.4000000059604645,2.600000143051147,-17.80000114440918,-12.0,-6.200000286102295,1.899999976158142,2.359999895
145,1913-02-15,41.9952,122.8224,14.90000057220459,12.5,28.0,0.9000000357627869,4.099999904632568,-14.90000057220459,-8.600000381469727,-2.400000095367432,1.899999976158142,2.679999827997685
146,1913-03-16,41.9952,122.8224,20.10000038146973,12.40000057220459,28.25,2.0,5.800000190734863,-7.200000286102295,-1.0,5.200000286102295,2.799999952316284,3.02999997099537
147,1913-04-16,41.9952,122.8224,45.29999923706055,12.69999980926514,8.73999977099537,3.5,33.90000152587891,3.400000095367432,9.699999809265137,16.10000038146973,6.300000190734863,6.36999988599537
148,1913-05-16,41.9952,122.8224,53.10000228881836,13.5,0.1499999909953704,4.700000286102295,19.80000114440918,9.199999809265137,15.90000057220459,22.70000076293945,9.100000381469727,5.789999961990741
149,1913-06-16,41.9952,122.8224,63.0,10.80000019073486,0.0,4.200000286102295,102.5,15.0,20.39999961853027,25.80000114440918,16.30000114440918,12.92999935199074
150,1913-07-16,41.9952,122.8224,63.79999923706055,9.100000381469727,0.0,3.900000095367432,82.70000457763672,18.80000114440918,23.30000114440918,27.89999961853027,21.89999961853027,10.19999980899306
151,1913-08-16,41.9952,122.8224,54.29999923706055,10.5,0.0,3.900000095367432,47.5,18.30000114440918,23.5,28.80000114440918,21.60000038146973,7.35999965699074
152,1913-09-16,41.9952,122.8224,39.20000076293945,13.30000019073486,0.0,3.299999952316284,23.60000038146973,10.90000057220459,17.5,24.20000076293945,13.5,4.819999695
153,1913-10-16,41.9952,122.8224,34.40000152587891,13.0,10.26999950399306,2.200000047683716,30.5,2.900000095367432,9.40000057220459,15.90000057220459,7.200000286102295,6.730000018993056
154,1913-11-16,41.9952,122.8224,36.29999923706055,11.40000057220459,25.52999877899306,1.200000047683716,9.600000381469727,-5.099999904632568,0.6000000238418579,6.300000190734863,4.0,4.360000133993056
155,1913-12-16,41.9952,122.8224,28.80000114440918,11.10000038146973,31.0,0.6000000238418579,1.200000047683716,-13.90000057220459,-8.300000190734863,-2.799999952316284,2.0,1.090000032997685
156,1914-01-16,41.9952,122.8224,0.0,12.19999980926514,31.0,0.6000000238418579,3.0,-14.10000038146973,-8.0,-1.899999976158142,2.299999952316284,2.829999923993055
157,1914-02-15,41.9952,122.8224,18.60000038146973,12.10000038146973,27.77999877899306,0.9000000357627869,4.0,-12.0,-5.900000095367432,0.2000000029802322,2.799999952316284,2.789999961990741
158,1914-03-16,41.9952,122.8224,27.60000038146973,10.5,25.87999916099537,1.800000071525574,52.0,-4.599999904632568,0.699999988079071,6.0,4.0,9.130000113993056
159,1914-04-16,41.9952,122.8224,47.0,13.0,8.73999977099537,3.700000047683716,3.100000143051147,3.400000095367432,9.90000057220459,16.39999961853027,6.0,2.149999856990741
160,1914-05-16,41.9952,122.8224,51.79999923706055,13.40000057220459,0.0,5.099999904632568,27.0,11.60000038146973,18.30000114440918,25.0,10.69999980926514,6.940000056990741
161,1914-06-16,41.9952,122.8224,56.20000076293945,11.30000019073486,0.0,4.800000190734863,114.7000045776367,16.70000076293945,22.30000114440918,28.0,17.5,13.61999988599537
162,1914-07-16,41.9952,122.8224,70.0,9.300000190734863,0.0,3.799999952316284,158.3000030517578,20.5,25.10000038146973,29.80000114440918,25.30000114440918,14.26999950399306
163,1914-08-16,41.9952,122.8224,64.5999984741211,9.800000190734863,0.0,3.5,131.5,19.30000114440918,24.20000076293945,29.10000038146973,23.89999961853027,11.48999977099537
164,1914-09-16,41.9952,122.8224,48.0,11.69999980926514,0.0,3.0,157.6999969482422,12.0,17.80000114440918,23.70000076293945,14.80000019073486,11.14999961899306
165,1914-10-16,41.9952,122.8224,34.70000076293945,12.5,5.639999865995371,2.200000047683716,43.20000076293945,4.900000095367432,11.10000038146973,17.39999961853027,8.600000381469727,8.149999618993055
166,1914-11-16,41.9952,122.8224,31.30000114440918,10.10000038146973,27.01999855,0.9000000357627869,41.70000076293945,-6.800000190734863,-1.700000047683716,3.400000095367432,3.700000047683716,8.60999965699074
167,1914-12-16,41.9952,122.8224,28.80000114440918,11.10000038146973,31.0,0.6000000238418579,3.700000047683716,-15.19999980926514,-9.600000381469727,-4.099999904632568,1.899999976158142,3.039999961990741
168,1915-01-16,41.9952,122.8224,10.90000057220459,11.30000019073486,31.0,0.300000011920929,11.19999980926514,-20.10000038146973,-14.40000057220459,-8.800000190734863,1.600000023841858,5.11999988599537
169,1915-02-15,41.9952,122.8224,29.89999961853027,11.60000038146973,28.0,0.699999988079071,12.69999980926514,-16.30000114440918,-10.5,-4.700000286102295,1.800000071525574,5.299999713993055
170,1915-03-16,41.9952,122.8224,33.79999923706055,10.10000038146973,29.30999946599537,1.5,13.80000019073486,-8.699999809265137,-3.600000143051147,1.5,2.600000143051147,4.699999808993056
171,1915-04-16,41.9952,122.8224,52.70000076293945,11.10000038146973,13.72999954199074,3.0,18.89999961853027,1.399999976158142,6.900000095367432,12.5,5.400000095367432,4.73999977099537
172,1915-05-16,41.9952,122.8224,55.0,12.0,0.1899999979976852,4.099999904632568,70.0,9.100000381469727,15.10000038146973,21.10000038146973,10.0,10.55000019099537
173,1915-06-16,41.9952,122.8224,56.79999923706055,11.10000038146973,0.0,4.400000095367432,119.4000015258789,15.40000057220459,20.89999961853027,26.5,16.80000114440918,13.89999961899306
174,1915-07-16,41.9952,122.8224,70.4000015258789,9.199999809265137,0.0,3.799999952316284,232.1000061035156,20.30000114440918,24.89999961853027,29.5,24.89999961853027,17.04999923699074
175,1915-08-16,41.9952,122.8224,59.60000228881836,9.40000057220459,0.0,3.600000143051147,90.5999984741211,18.70000076293945,23.39999961853027,28.10000038146973,22.60000038146973,9.649999618993055
176,1915-09-16,41.9952,122.8224,42.70000076293945,12.10000038146973,0.0,3.100000143051147,70.0,10.90000057220459,16.89999961853027,23.0,13.19999980926514,7.73999977099537
177,1915-10-16,41.9952,122.8224,37.0,12.10000038146973,7.379999637997686,1.899999976158142,36.70000076293945,4.099999904632568,10.10000038146973,16.20000076293945,8.699999809265137,7.539999961990741
178,1915-11-16,41.9952,122.8224,36.29999923706055,10.69999980926514,24.64999961899306,1.100000023841858,19.30000114440918,-4.200000286102295,1.200000047683716,6.599999904632568,4.400000095367432,6.019999980995371
179,1915-12-16,41.9952,122.8224,3.5,11.60000038146973,30.51999854998843,0.6000000238418579,1.300000071525574,-11.19999980926514,-5.400000095367432,0.4000000059604645,2.799999952316284,1.649999975995371
180,1916-01-16,41.9952,122.8224,0.0,11.40000057220459,31.0,0.4000000059604645,12.30000019073486,-14.30000019073486,-8.600000381469727,-2.900000095367432,2.600000143051147,5.859999656990741
181,1916-02-15,41.9952,122.8224,24.89999961853027,11.10000038146973,28.94999885599537,0.9000000357627869,10.0,-13.10000038146973,-7.5,-2.0,2.299999952316284,4.769999980995371
182,1916-03-16,41.9952,122.8224,20.10000038146973,10.69999980926514,29.10999870299769,1.700000047683716,5.700000286102295,-8.40000057220459,-3.0,2.400000095367432,2.5,3.139999865995371
183,1916-04-16,41.9952,122.8224,48.0,11.90000057220459,12.69999980899306,3.100000143051147,35.79999923706055,1.800000071525574,7.700000286102295,13.69999980926514,5.700000286102295,6.579999923993056
184,1916-05-16,41.9952,122.8224,57.40000152587891,12.5,0.05999999899305555,4.5,91.0999984741211,9.5,15.69999980926514,22.0,9.199999809265137,11.82999992399306
185,1916-06-16,41.9952,122.8224,54.40000152587891,11.40000057220459,0.0,4.700000286102295,61.70000076293945,15.60000038146973,21.30000114440918,27.0,16.30000114440918,10.30999946599537
186,1916-07-16,41.9952,122.8224,65.20000457763672,9.5,0.0,4.300000190734863,62.40000152587891,20.30000114440918,25.0,29.80000114440918,22.80000114440918,9.38999939
187,1916-08-16,41.9952,122.8224,59.29999923706055,9.90000057220459,0.0,3.900000095367432,136.5,19.89999961853027,24.80000114440918,29.80000114440918,23.0,11.90999984699074
188,1916-09-16,41.9952,122.8224,44.79999923706055,12.69999980926514,0.0,3.100000143051147,56.90000152587891,10.60000038146973,16.89999961853027,23.30000114440918,13.5,7.129999637997686
189,1916-10-16,41.9952,122.8224,31.10000038146973,13.5,9.519999503993056,2.299999952316284,36.5,3.200000047683716,9.90000057220459,16.70000076293945,7.300000190734863,7.210000037997685
190,1916-11-16,41.9952,122.8224,16.30000114440918,11.5,25.14999961899306,1.100000023841858,17.5,-4.700000286102295,1.100000023841858,6.900000095367432,4.400000095367432,5.960000037997686
191,1916-12-16,41.9952,122.8224,3.5,11.0,31.0,0.5,5.700000286102295,-14.69999980926514,-9.199999809265137,-3.700000047683716,2.0,3.679999827997685
192,1917-01-16,41.9952,122.8224,0.0,11.69999980926514,31.0,0.5,1.800000071525574,-20.5,-14.60000038146973,-8.800000190734863,1.0,1.99000001
193,1917-02-15,41.9952,122.8224,9.90000057220459,12.5,28.0,1.0,1.800000071525574,-14.90000057220459,-8.600000381469727,-2.400000095367432,1.600000023841858,2.069999932997685
194,1917-03-16,41.9952,122.8224,31.30000114440918,12.30000019073486,27.13999939,2.100000143051147,5.700000286102295,-5.900000095367432,0.300000011920929,6.5,2.799999952316284,3.14999985699074
195,1917-04-16,41.9952,122.8224,46.60000228881836,13.5,10.92999935199074,3.600000143051147,5.599999904632568,2.5,9.199999809265137,16.0,5.700000286102295,2.609999895
196,1917-05-16,41.9952,122.8224,54.5,13.40000057220459,0.8299999829976853,4.5,24.30000114440918,8.100000381469727,14.80000019073486,21.5,8.40000057220459,6.429999827997685
197,1917-06-16,41.9952,122.8224,47.0,12.69999980926514,0.0,5.5,18.0,17.10000038146973,23.39999961853027,29.80000114440918,16.89999961853027,5.75999975199074
198,1917-07-16,41.9952,122.8224,68.4000015258789,9.199999809265137,0.0,4.099999904632568,240.5,21.10000038146973,25.70000076293945,30.30000114440918,25.0,17.27999877899305
199,1917-08-16,41.9952,122.8224,55.10000228881836,9.699999809265137,0.0,3.900000095367432,172.3000030517578,19.5,24.30000114440918,29.20000076293945,23.10000038146973,12.65999984699074
200,1917-09-16,41.9952,122.8224,44.0,12.30000019073486,0.0,3.0,71.4000015258789,11.30000019073486,17.39999961853027,23.60000038146973,14.30000019073486,7.579999923993056
201,1917-10-16,41.9952,122.8224,34.70000076293945,12.10000038146973,8.079999923993055,2.200000047683716,25.89999961853027,3.799999952316284,9.800000190734863,15.90000057220459,7.400000095367432,6.35999965699074
202,1917-11-16,41.9952,122.8224,15.0,11.40000057220459,27.69999885599537,1.0,5.099999904632568,-7.700000286102295,-2.0,3.700000047683716,3.400000095367432,2.659999846990741
203,1917-12-16,41.9952,122.8224,6.0,9.800000190734863,31.0,0.5,7.099999904632568,-16.80000114440918,-11.90000057220459,-7.0,1.5,3.689999818993056
204,1918-01-16,41.9952,122.8224,0.0,12.10000038146973,31.0,0.6000000238418579,0.4000000059604645,-18.5,-12.40000057220459,-6.400000095367432,1.399999976158142,0.5600000019907407
205,1918-02-15,41.9952,122.8224,9.90000057220459,12.19999980926514,27.87999916099537,1.0,3.200000047683716,-12.5,-6.400000095367432,-0.300000011920929,2.400000095367432,2.690000056990741
206,1918-03-16,41.9952,122.8224,30.10000038146973,11.19999980926514,25.14999961899306,2.0,30.30000114440918,-3.900000095367432,1.700000047683716,7.300000190734863,3.799999952316284,6.679999827997685
207,1918-04-16,41.9952,122.8224,45.29999923706055,12.80000019073486,9.699999808993056,3.600000143051147,8.100000381469727,3.0,9.40000057220459,15.80000019073486,5.800000190734863,3.339999913993056
208,1918-05-16,41.9952,122.8224,56.70000076293945,11.80000019073486,0.1099999989930556,4.200000286102295,106.3000030517578,9.300000190734863,15.19999980926514,21.10000038146973,9.600000381469727,12.78999996199074
209,1918-06-16,41.9952,122.8224,56.90000152587891,11.19999980926514,0.0,4.599999904632568,57.79999923706055,15.40000057220459,21.0,26.60000038146973,16.0,9.929999351990741
210,1918-07-16,41.9952,122.8224,66.9000015258789,8.90000057220459,0.0,3.900000095367432,140.9000091552734,19.80000114440918,24.20000076293945,28.70000076293945,23.10000038146973,13.569999695
211,1918-08-16,41.9952,122.8224,55.10000228881836,10.0,0.0,3.700000047683716,145.1000061035156,18.70000076293945,23.70000076293945,28.70000076293945,22.89999961853027,12.15999984699074
212,1918-09-16,41.9952,122.8224,44.0,11.80000019073486,0.0,3.299999952316284,152.6999969482422,11.5,17.39999961853027,23.30000114440918,12.60000038146973,11.19999980899306
213,1918-10-16,41.9952,122.8224,30.30000114440918,13.30000019073486,9.029999732997686,2.400000095367432,45.5,3.400000095367432,10.0,16.70000076293945,6.800000190734863,8.460000037997684
214,1918-11-16,41.9952,122.8224,21.30000114440918,11.0,26.77999877899306,1.200000047683716,26.10000038146973,-6.5,-1.0,4.5,3.299999952316284,7.149999618993055
215,1918-12-16,41.9952,122.8224,28.80000114440918,10.90000057220459,31.0,0.6000000238418579,2.900000095367432,-14.90000057220459,-9.40000057220459,-4.0,1.899999976158142,2.319999932997685
216,1919-01-16,41.9952,122.8224,0.0,10.69999980926514,31.0,0.300000011920929,5.0,-19.20000076293945,-13.80000019073486,-8.5,1.800000071525574,3.799999951990741
217,1919-02-15,41.9952,122.8224,18.60000038146973,13.5,27.930000305,1.100000023841858,0.4000000059604645,-12.90000057220459,-6.099999904632568,0.699999988079071,2.299999952316284,0.5
218,1919-03-16,41.9952,122.8224,31.30000114440918,12.19999980926514,26.18999862699074,2.0,17.10000038146973,-4.900000095367432,1.200000047683716,7.300000190734863,3.700000047683716,5.269999980995371
219,1919-04-16,41.9952,122.8224,41.90000152587891,12.90000057220459,12.18999958,3.600000143051147,18.39999961853027,2.0,8.40000057220459,14.90000057220459,5.0,4.829999923993055
220,1919-05-16,41.9952,122.8224,61.5,13.40000057220459,0.3299999829976852,4.300000190734863,47.29999923706055,8.800000190734863,15.5,22.20000076293945,9.5,8.61999988599537
221,1919-06-16,41.9952,122.8224,54.70000076293945,11.80000019073486,0.0,4.700000286102295,109.3000030517578,15.69999980926514,21.60000038146973,27.5,17.0,12.84999942799768
222,1919-07-16,41.9952,122.8224,57.60000228881836,8.90000057220459,0.0,4.599999904632568,43.40000152587891,22.0,26.39999961853027,30.89999961853027,24.60000038146973,7.88999986599537
223,1919-08-16,41.9952,122.8224,50.0,11.0,0.0,4.200000286102295,104.5,19.60000038146973,25.10000038146973,30.60000038146973,23.60000038146973,10.53999996199074
224,1919-09-16,41.9952,122.8224,40.90000152587891,12.90000057220459,0.0,3.400000095367432,70.20000457763672,11.5,17.89999961853027,24.39999961853027,13.40000057220459,7.699999808993055
225,1919-10-16,41.9952,122.8224,35.20000076293945,12.80000019073486,8.550000190995371,2.400000095367432,55.79999923706055,3.600000143051147,10.0,16.39999961853027,6.700000286102295,9.069999695
226,1919-11-16,41.9952,122.8224,16.30000114440918,12.40000057220459,26.34999847399305,1.300000071525574,12.80000019073486,-6.0,0.2000000029802322,6.400000095367432,3.600000143051147,5.0
227,1919-12-16,41.9952,122.8224,28.80000114440918,10.90000057220459,31.0,0.6000000238418579,2.200000047683716,-14.30000019073486,-8.800000190734863,-3.400000095367432,1.899999976158142,2.0
228,1920-01-16,41.9952,122.8224,7.200000286102295,11.5,31.0,0.5,6.900000095367432,-16.10000038146973,-10.30000019073486,-4.599999904632568,1.899999976158142,4.46999979
229,1920-02-15,41.9952,122.8224,28.60000038146973,11.5,29.0,0.6000000238418579,12.60000038146973,-16.39999961853027,-10.60000038146973,-4.900000095367432,2.0,5.380000113993056
230,1920-03-16,41.9952,122.8224,27.60000038146973,12.0,25.25,2.200000047683716,3.299999952316284,-4.0,2.0,8.0,3.700000047683716,2.519999980995371
231,1920-04-16,41.9952,122.8224,38.20000076293945,13.60000038146973,8.510000228993055,4.0,21.60000038146973,3.5,10.30000019073486,17.10000038146973,5.5,5.269999980995371
232,1920-05-16,41.9952,122.8224,57.5,13.30000019073486,0.0,5.200000286102295,9.800000190734863,11.80000019073486,18.39999961853027,25.10000038146973,9.600000381469727,4.230000018993056
233,1920-06-16,41.9952,122.8224,56.79999923706055,11.30000019073486,0.0,4.800000190734863,31.39999961853027,16.10000038146973,21.70000076293945,27.39999961853027,16.0,7.509999751990741
234,1920-07-16,41.9952,122.8224,63.79999923706055,9.199999809265137,0.0,4.400000095367432,194.1999969482422,21.70000076293945,26.30000114440918,30.89999961853027,24.89999961853027,15.61999988599537
235,1920-08-16,41.9952,122.8224,53.60000228881836,10.40000057220459,0.0,4.0,111.9000015258789,18.89999961853027,24.10000038146973,29.30000114440918,21.5,10.76999950399306
236,1920-09-16,41.9952,122.8224,53.20000076293945,12.30000019073486,0.0,2.900000095367432,69.0,11.0,17.10000038146973,23.30000114440918,14.30000019073486,7.529999732997685
237,1920-10-16,41.9952,122.8224,32.29999923706055,13.5,6.929999827997685,2.299999952316284,13.0,4.300000190734863,11.0,17.80000114440918,8.40000057220459,4.480000018993056
238,1920-11-16,41.9952,122.8224,26.30000114440918,11.5,25.43999862699074,1.100000023841858,22.89999961853027,-5.0,0.800000011920929,6.599999904632568,4.400000095367432,6.409999846990742
239,1920-12-16,41.9952,122.8224,3.5,10.30000019073486,30.96999931299769,0.5,3.600000143051147,-13.30000019073486,-8.100000381469727,-3.0,2.299999952316284,2.450000047997685
240,1921-01-16,41.9952,122.8224,0.0,12.30000019073486,31.0,0.6000000238418579,2.700000047683716,-15.19999980926514,-9.0,-2.900000095367432,2.0,2.960000037997685
241,1921-02-15,41.9952,122.8224,9.90000057220459,12.90000057220459,28.0,1.0,3.400000095367432,-13.69999980926514,-7.200000286102295,-0.800000011920929,2.0,2.429999827997685
242,1921-03-16,41.9952,122.8224,21.30000114440918,12.10000038146973,27.5,2.0,4.200000286102295,-6.300000190734863,-0.2000000029802322,5.900000095367432,3.0,2.720000028993056
243,1921-04-16,41.9952,122.8224,44.0,12.30000019073486,8.97999954199074,3.700000047683716,37.5,3.299999952316284,9.40000057220459,15.60000038146973,5.400000095367432,6.730000018993056
244,1921-05-16,41.9952,122.8224,56.90000152587891,13.0,0.0,4.700000286102295,81.70000457763672,10.40000057220459,16.89999961853027,23.39999961853027,9.699999809265137,11.26999950399306
245,1921-06-16,41.9952,122.8224,55.29999923706055,11.60000038146973,0.0,4.900000095367432,57.60000228881836,16.10000038146973,21.89999961853027,27.70000076293945,15.80000019073486,10.0
246,1921-07-16,41.9952,122.8224,68.4000015258789,8.800000190734863,0.0,4.099999904632568,187.4000091552734,20.5,24.89999961853027,29.30000114440918,23.0,15.29999923699074
247,1921-08-16,41.9952,122.8224,62.70000076293945,10.10000038146973,0.0,3.799999952316284,142.6000061035156,19.39999961853027,24.39999961853027,29.5,22.70000076293945,12.10999965699074
248,1921-09-16,41.9952,122.8224,42.5,12.19999980926514,0.0,3.200000047683716,67.5999984741211,11.19999980926514,17.30000114440918,23.39999961853027,13.10000038146973,7.73999977099537
249,1921-10-16,41.9952,122.8224,34.90000152587891,12.69999980926514,8.789999961990741,2.200000047683716,16.10000038146973,3.5,9.800000190734863,16.20000076293945,7.400000095367432,5.039999961990741
250,1921-11-16,41.9952,122.8224,11.30000019073486,10.90000057220459,26.93999862699074,1.200000047683716,7.700000286102295,-6.700000286102295,-1.200000047683716,4.300000190734863,3.0,3.460000037997685
251,1921-12-16,41.9952,122.8224,28.80000114440918,11.19999980926514,30.95999908399306,0.6000000238418579,6.599999904632568,-13.19999980926514,-7.599999904632568,-2.0,2.299999952316284,3.980000018993055
252,1922-01-16,41.9952,122.8224,0.0,12.0,31.0,0.300000011920929,6.099999904632568,-22.0,-16.0,-10.0,1.300000071525574,4.25
253,1922-02-15,41.9952,122.8224,22.39999961853027,11.60000038146973,27.46999931299769,0.9000000357627869,5.099999904632568,-10.90000057220459,-5.099999904632568,0.699999988079071,3.100000143051147,3.02999997099537
254,1922-03-16,41.9952,122.8224,30.10000038146973,11.80000019073486,27.31999969498843,1.899999976158142,6.200000286102295,-6.099999904632568,-0.2000000029802322,5.700000286102295,3.100000143051147,3.230000018993055
255,1922-04-16,41.9952,122.8224,45.79999923706055,13.90000057220459,7.13999986599537,4.0,15.60000038146973,4.099999904632568,11.0,18.0,6.099999904632568,4.389999865995371
256,1922-05-16,41.9952,122.8224,58.90000152587891,12.90000057220459,0.07999999799768519,4.5,68.20000457763672,9.40000057220459,15.80000019073486,22.30000114440918,9.300000190734863,10.48999977099537
257,1922-06-16,41.9952,122.8224,53.0,12.0,0.0,5.200000286102295,60.90000152587891,16.80000114440918,22.80000114440918,28.80000114440918,16.0,9.710000037997684
258,1922-07-16,41.9952,122.8224,66.0999984741211,8.699999809265137,0.0,4.099999904632568,184.3000030517578,20.80000114440918,25.10000038146973,29.5,24.0,15.34999942799768
259,1922-08-16,41.9952,122.8224,61.10000228881836,10.40000057220459,0.0,3.5,183.6999969482422,18.80000114440918,24.0,29.20000076293945,24.39999961853027,13.38000011399306
260,1922-09-16,41.9952,122.8224,50.90000152587891,12.40000057220459,0.0,3.0,128.4000091552734,11.0,17.20000076293945,23.39999961853027,13.90000057220459,10.21000003799768
261,1922-10-16,41.9952,122.8224,31.60000038146973,13.60000038146973,6.710000037997685,2.5,20.5,4.400000095367432,11.19999980926514,18.0,7.700000286102295,5.849999905
262,1922-11-16,41.9952,122.8224,13.80000019073486,11.10000038146973,28.35999870299769,1.0,20.89999961853027,-8.699999809265137,-3.100000143051147,2.5,3.0,6.449999808993055
263,1922-12-16,41.9952,122.8224,28.80000114440918,11.40000057220459,31.0,0.699999988079071,1.200000047683716,-14.10000038146973,-8.40000057220459,-2.700000047683716,1.899999976158142,1.25
264,1923-01-16,41.9952,122.8224,0.0,12.60000038146973,31.0,0.6000000238418579,2.700000047683716,-18.39999961853027,-12.10000038146973,-5.800000190734863,1.399999976158142,1.919999956990741
265,1923-02-15,41.9952,122.8224,14.90000057220459,11.90000057220459,28.0,1.0,1.700000047683716,-14.19999980926514,-8.199999809265137,-2.299999952316284,1.700000047683716,1.839999913993055
266,1923-03-16,41.9952,122.8224,31.30000114440918,11.30000019073486,25.46999931299769,1.899999976158142,40.90000152587891,-4.200000286102295,1.5,7.200000286102295,4.200000286102295,7.829999923993056
267,1923-04-16,41.9952,122.8224,46.70000076293945,12.0,12.43999958,3.200000047683716,38.0,1.899999976158142,7.900000095367432,13.90000057220459,5.599999904632568,6.679999827997685
268,1923-05-16,41.9952,122.8224,52.20000076293945,13.30000019073486,0.0,5.0,39.79999923706055,10.19999980926514,16.80000114440918,23.5,9.100000381469727,8.18999958
269,1923-06-16,41.9952,122.8224,50.5,11.80000019073486,0.0,5.0,136.5,15.5,21.39999961853027,27.30000114440918,15.5,14.54999923699074
270,1923-07-16,41.9952,122.8224,70.30000305175781,8.800000190734863,0.0,3.900000095367432,150.1999969482422,20.30000114440918,24.70000076293945,29.10000038146973,23.20000076293945,13.97999954199074
271,1923-08-16,41.9952,122.8224,60.5,10.0,0.0,3.600000143051147,310.8999938964844,19.39999961853027,24.39999961853027,29.39999961853027,24.80000114440918,17.25
272,1923-09-16,41.9952,122.8224,44.0,12.10000038146973,0.0,3.100000143051147,46.79999923706055,10.90000057220459,16.89999961853027,23.0,13.0,6.48999977099537
273,1923-10-16,41.9952,122.8224,33.40000152587891,12.90000057220459,10.77999973299769,2.299999952316284,75.5,2.700000047683716,9.100000381469727,15.60000038146973,6.599999904632568,10.55999946599537
274,1923-11-16,41.9952,122.8224,22.5,10.5,26.77999877899306,1.100000023841858,20.20000076293945,-6.5,-1.200000047683716,4.099999904632568,3.299999952316284,6.299999713993055
275,1923-12-16,41.9952,122.8224,28.80000114440918,11.19999980926514,31.0,0.699999988079071,10.5,-13.80000019073486,-8.199999809265137,-2.600000143051147,2.0,4.0
276,1924-01-16,41.9952,122.8224,0.0,12.0,31.0,0.5,3.200000047683716,-16.30000114440918,-10.30000019073486,-4.300000190734863,2.0,2.789999961990741
277,1924-02-15,41.9952,122.8224,9.90000057220459,11.0,29.0,0.9000000357627869,8.600000381469727,-14.60000038146973,-9.100000381469727,-3.600000143051147,1.800000071525574,4.21999979
278,1924-03-16,41.9952,122.8224,20.10000038146973,10.90000057220459,28.31999969498843,1.899999976158142,18.80000114440918,-7.300000190734863,-1.800000071525574,3.700000047683716,2.600000143051147,5.349999905
279,1924-04-16,41.9952,122.8224,51.10000228881836,12.10000038146973,10.42999935199074,3.299999952316284,14.19999980926514,2.700000047683716,8.699999809265137,14.80000019073486,5.800000190734863,3.75999999
280,1924-05-16,41.9952,122.8224,54.5,13.19999980926514,0.0,4.900000095367432,28.20000076293945,10.19999980926514,16.80000114440918,23.39999961853027,9.199999809265137,7.049999713993055
281,1924-06-16,41.9952,122.8224,47.5,12.10000038146973,0.0,5.400000095367432,65.5999984741211,16.80000114440918,22.80000114440918,28.89999961853027,16.0,10.55999946599537
282,1924-07-16,41.9952,122.8224,70.70000457763672,9.0,0.0,3.900000095367432,207.1999969482422,20.80000114440918,25.30000114440918,29.80000114440918,24.70000076293945,16.20999908399305
283,1924-08-16,41.9952,122.8224,58.40000152587891,10.19999980926514,0.0,3.799999952316284,61.5,19.80000114440918,24.89999961853027,30.0,23.89999961853027,8.0
284,1924-09-16,41.9952,122.8224,36.20000076293945,13.5,0.0,3.400000095367432,56.20000076293945,11.60000038146973,18.30000114440918,25.10000038146973,14.60000038146973,7.029999732997685
285,1924-10-16,41.9952,122.8224,30.5,13.30000019073486,11.28999996199074,2.299999952316284,42.20000076293945,2.5,9.100000381469727,15.80000019073486,6.5,8.05999946599537
286,1924-11-16,41.9952,122.8224,30.0,10.30000019073486,26.43999862699074,1.200000047683716,15.60000038146973,-6.099999904632568,-0.9000000357627869,4.300000190734863,3.200000047683716,5.609999656990741
287,1924-12-16,41.9952,122.8224,2.200000047683716,10.40000057220459,30.96999931299769,0.6000000238418579,5.599999904632568,-13.30000019073486,-8.100000381469727,-2.900000095367432,2.100000143051147,2.77999997099537
288,1925-01-16,41.9952,122.8224,0.0,11.5,31.0,0.5,1.200000047683716,-16.89999961853027,-11.10000038146973,-5.400000095367432,1.800000071525574,0.879999995
289,1925-02-15,41.9952,122.8224,14.90000057220459,12.40000057220459,28.0,1.0,9.0,-14.80000019073486,-8.600000381469727,-2.400000095367432,1.800000071525574,3.599999905
290,1925-03-16,41.9952,122.8224,32.60000228881836,10.5,27.76000022899306,1.800000071525574,18.80000114440918,-6.599999904632568,-1.300000071525574,4.0,2.799999952316284,5.5
291,1925-04-16,41.9952,122.8224,42.20000076293945,12.60000038146973,8.97999954199074,3.799999952316284,54.29999923706055,3.299999952316284,9.600000381469727,15.90000057220459,5.400000095367432,7.88999986599537
292,1925-05-16,41.9952,122.8224,59.29999923706055,11.60000038146973,0.0,4.200000286102295,52.20000076293945,10.40000057220459,16.20000076293945,22.0,10.60000038146973,9.319999694988427
293,1925-06-16,41.9952,122.8224,55.29999923706055,11.30000019073486,0.0,4.700000286102295,52.5,16.60000038146973,22.20000076293945,27.89999961853027,17.70000076293945,9.599999427997686
294,1925-07-16,41.9952,122.8224,68.20000457763672,8.600000381469727,0.0,4.0,68.0999984741211,20.39999961853027,24.70000076293945,29.0,23.39999961853027,9.399999618993055
295,1925-08-16,41.9952,122.8224,60.79999923706055,10.10000038146973,0.0,3.600000143051147,155.0,18.60000038146973,23.60000038146973,28.70000076293945,22.60000038146973,12.59999942799768
296,1925-09-16,41.9952,122.8224,41.0,11.80000019073486,0.0,3.200000047683716,39.60000228881836,12.30000019073486,18.20000076293945,24.10000038146973,14.60000038146973,6.029999732997685
297,1925-10-16,41.9952,122.8224,31.5,13.69999980926514,7.839999675995371,2.200000047683716,31.60000038146973,3.900000095367432,10.69999980926514,17.60000038146973,8.40000057220459,7.009999751990741
298,1925-11-16,41.9952,122.8224,11.30000019073486,10.69999980926514,23.47999954199074,1.100000023841858,7.300000190734863,-3.100000143051147,2.299999952316284,7.700000286102295,4.900000095367432,3.799999951990741
299,1925-12-16,41.9952,122.8224,3.5,10.40000057220459,30.97999954199074,0.5,8.199999809265137,-13.5,-8.300000190734863,-3.100000143051147,2.200000047683716,3.439999818993056
300,1926-01-16,41.9952,122.8224,0.0,11.40000057220459,31.0,0.5,7.300000190734863,-16.39999961853027,-10.69999980926514,-5.0,2.0,4.699999808993056
301,1926-02-15,41.9952,122.8224,27.39999961853027,11.69999980926514,27.87999916099537,1.0,8.90000057220459,-12.5,-6.599999904632568,-0.800000011920929,2.299999952316284,4.539999961990741
302,1926-03-16,41.9952,122.8224,23.80000114440918,11.40000057220459,26.09000015299768,2.100000143051147,5.0,-4.800000190734863,0.9000000357627869,6.599999904632568,3.200000047683716,2.819999932997685
303,1926-04-16,41.9952,122.8224,41.70000076293945,13.19999980926514,12.69999980899306,3.5,8.600000381469727,1.800000071525574,8.40000057220459,15.0,5.400000095367432,3.069999932997685
304,1926-05-16,41.9952,122.8224,58.0,12.80000019073486,0.0,4.700000286102295,24.39999961853027,11.5,17.89999961853027,24.30000114440918,11.19999980926514,6.279999732997685
305,1926-06-16,41.9952,122.8224,50.90000152587891,11.90000057220459,0.0,5.099999904632568,34.0,16.39999961853027,22.30000114440918,28.30000114440918,16.39999961853027,7.589999675995371
306,1926-07-16,41.9952,122.8224,63.70000076293945,9.699999809265137,0.0,4.300000190734863,142.6000061035156,20.5,25.30000114440918,30.20000076293945,23.30000114440918,13.72999954199074
307,1926-08-16,41.9952,122.8224,64.30000305175781,9.800000190734863,0.0,3.400000095367432,188.4000091552734,19.5,24.39999961853027,29.30000114440918,25.20000076293945,13.759999275
308,1926-09-16,41.9952,122.8224,49.60000228881836,11.80000019073486,0.0,3.100000143051147,60.70000076293945,12.5,18.39999961853027,24.30000114440918,15.0,7.129999637997686
309,1926-10-16,41.9952,122.8224,33.0,12.69999980926514,13.64999961899306,2.100000143051147,27.39999961853027,1.600000023841858,7.900000095367432,14.30000019073486,6.300000190734863,5.380000113993056
310,1926-11-16,41.9952,122.8224,20.0,11.19999980926514,25.14999961899306,0.800000011920929,17.60000038146973,-4.700000286102295,0.9000000357627869,6.5,5.200000286102295,5.61999988599537
311,1926-12-16,41.9952,122.8224,8.5,10.40000057220459,31.0,0.5,8.699999809265137,-16.0,-10.80000019073486,-5.599999904632568,1.600000023841858,4.319999694988426
312,1927-01-16,41.9952,122.8224,0.0,10.60000038146973,31.0,0.4000000059604645,5.099999904632568,-15.90000057220459,-10.60000038146973,-5.300000190734863,2.100000143051147,3.409999846990741
313,1927-02-15,41.9952,122.8224,4.900000095367432,11.10000038146973,28.0,0.800000011920929,0.9000000357627869,-14.0,-8.40000057220459,-2.900000095367432,2.200000047683716,1.419999956990741
314,1927-03-16,41.9952,122.8224,35.10000228881836,10.30000019073486,26.86999893199074,1.600000023841858,30.0,-5.599999904632568,-0.4000000059604645,4.800000190734863,3.799999952316284,6.730000018993056
315,1927-04-16,41.9952,122.8224,47.10000228881836,12.60000038146973,6.710000037997685,3.700000047683716,9.90000057220459,4.300000190734863,10.60000038146973,16.89999961853027,6.400000095367432,3.449999808993056
316,1927-05-16,41.9952,122.8224,57.90000152587891,12.10000038146973,0.3899999859953703,4.200000286102295,62.29999923706055,8.699999809265137,14.69999980926514,20.80000114440918,9.100000381469727,10.03999996199074
317,1927-06-16,41.9952,122.8224,54.29999923706055,11.90000057220459,0.0,5.0,43.10000228881836,16.10000038146973,22.0,28.0,15.60000038146973,8.599999427997686
318,1927-07-16,41.9952,122.8224,66.9000015258789,9.40000057220459,0.0,4.0,219.4000091552734,21.0,25.70000076293945,30.39999961853027,25.70000076293945,16.70999908399305
319,1927-08-16,41.9952,122.8224,51.10000228881836,10.30000019073486,0.0,4.0,60.29999923706055,18.80000114440918,23.89999961853027,29.10000038146973,22.39999961853027,8.210000037997684
320,1927-09-16,41.9952,122.8224,47.40000152587891,13.0,0.0,3.299999952316284,39.70000076293945,12.0,18.5,25.0,14.30000019073486,6.00999975199074
321,1927-10-16,41.9952,122.8224,35.0,12.19999980926514,7.839999675995371,2.299999952316284,62.79999923706055,3.900000095367432,10.0,16.10000038146973,7.0,9.649999618993055
322,1927-11-16,41.9952,122.8224,16.30000114440918,11.30000019073486,24.01999855,1.200000047683716,9.699999809265137,-3.600000143051147,2.100000143051147,7.800000190734863,4.5,4.23999977099537
323,1927-12-16,41.9952,122.8224,3.5,11.19999980926514,31.0,0.5,14.69999980926514,-14.60000038146973,-9.0,-3.400000095367432,2.200000047683716,5.25999975199074
324,1928-01-16,41.9952,122.8224,9.699999809265137,10.40000057220459,31.0,0.300000011920929,19.5,-16.89999961853027,-11.69999980926514,-6.5,2.100000143051147,6.48999977099537
325,1928-02-15,41.9952,122.8224,23.5,11.19999980926514,29.0,0.800000011920929,6.0,-13.90000057220459,-8.300000190734863,-2.700000047683716,2.299999952316284,3.569999932997685
326,1928-03-16,41.9952,122.8224,28.80000114440918,9.90000057220459,25.25,2.0,11.30000019073486,-4.0,1.0,6.0,3.400000095367432,4.299999713993055
327,1928-04-16,41.9952,122.8224,44.5,13.19999980926514,7.819999695000001,3.900000095367432,19.39999961853027,3.799999952316284,10.40000057220459,17.0,5.700000286102295,4.92000007599537
328,1928-05-16,41.9952,122.8224,53.40000152587891,12.80000019073486,0.02,4.700000286102295,58.0,9.699999809265137,16.10000038146973,22.5,9.300000190734863,9.510000228993055
329,1928-06-16,41.9952,122.8224,53.70000076293945,11.69999980926514,0.0,4.800000190734863,94.0,15.60000038146973,21.39999961853027,27.30000114440918,16.30000114440918,11.77999973299769
330,1928-07-16,41.9952,122.8224,66.30000305175781,8.5,0.0,4.200000286102295,148.0,20.89999961853027,25.10000038146973,29.39999961853027,23.30000114440918,14.04999923699074
331,1928-08-16,41.9952,122.8224,60.70000076293945,9.600000381469727,0.0,3.799999952316284,119.0,19.70000076293945,24.5,29.30000114440918,22.80000114440918,11.22999954199074
332,1928-09-16,41.9952,122.8224,41.10000228881836,12.30000019073486,0.0,3.400000095367432,60.60000228881836,11.90000057220459,18.0,24.20000076293945,13.19999980926514,7.279999732997685
333,1928-10-16,41.9952,122.8224,30.80000114440918,12.80000019073486,10.26999950399306,2.299999952316284,40.20000076293945,2.900000095367432,9.300000190734863,15.69999980926514,6.5,7.48999977099537
334,1928-11-16,41.9952,122.8224,25.0,9.90000057220459,25.34000015299768,1.100000023841858,26.39999961853027,-4.900000095367432,0.1000000014901161,5.099999904632568,3.900000095367432,7.009999751990741
335,1928-12-16,41.9952,122.8224,28.80000114440918,10.10000038146973,31.0,0.5,4.400000095367432,-13.80000019073486,-8.699999809265137,-3.700000047683716,2.200000047683716,2.919999837997685
336,1929-01-16,41.9952,122.8224,0.0,11.30000019073486,31.0,0.4000000059604645,7.300000190734863,-17.39999961853027,-11.69999980926514,-6.099999904632568,2.0,4.210000037997686
337,1929-02-15,41.9952,122.8224,14.90000057220459,11.60000038146973,28.0,0.800000011920929,4.200000286102295,-14.80000019073486,-9.0,-3.200000047683716,2.0,2.939999818993056
338,1929-03-16,41.9952,122.8224,22.60000038146973,11.90000057220459,26.38999939,2.200000047683716,0.800000011920929,-5.099999904632568,0.9000000357627869,6.900000095367432,3.0,1.129999995
339,1929-04-16,41.9952,122.8224,45.0,13.0,11.42999935199074,3.700000047683716,17.89999961853027,2.299999952316284,8.800000190734863,15.30000019073486,5.0,4.849999905
340,1929-05-16,41.9952,122.8224,54.60000228881836,12.40000057220459,0.0,4.5,51.70000076293945,10.30000019073486,16.5,22.70000076293945,10.19999980926514,9.090000152997685
341,1929-06-16,41.9952,122.8224,52.90000152587891,11.80000019073486,0.0,5.099999904632568,78.4000015258789,16.80000114440918,22.70000076293945,28.60000038146973,16.39999961853027,10.88999939
342,1929-07-16,41.9952,122.8224,68.4000015258789,9.5,0.0,4.099999904632568,186.9000091552734,21.0,25.70000076293945,30.5,25.0,15.19999980899306
343,1929-08-16,41.9952,122.8224,57.29999923706055,9.90000057220459,0.0,3.900000095367432,155.4000091552734,19.30000114440918,24.20000076293945,29.20000076293945,22.39999961853027,12.60999965699074
344,1929-09-16,41.9952,122.8224,38.20000076293945,13.0,0.0,3.299999952316284,92.0,10.5,17.0,23.5,12.90000057220459,8.849999427997686
345,1929-10-16,41.9952,122.8224,31.5,13.0,8.789999961990741,2.400000095367432,33.10000228881836,3.5,10.0,16.5,6.700000286102295,7.190000056990741
346,1929-11-16,41.9952,122.8224,12.5,11.69999980926514,25.43999862699074,1.5,11.40000057220459,-5.0,0.9000000357627869,6.800000190734863,2.900000095367432,4.519999980995371
347,1929-12-16,41.9952,122.8224,19.70000076293945,9.5,30.85999870299769,0.5,18.39999961853027,-12.5,-7.700000286102295,-3.0,2.400000095367432,5.929999827997685
348,1930-01-16,41.9952,122.8224,0.0,11.40000057220459,31.0,0.5,0.6000000238418579,-17.10000038146973,-11.40000057220459,-5.700000286102295,1.700000047683716,1.309999942997685
349,1930-02-15,41.9952,122.8224,24.89999961853027,11.19999980926514,27.70999908399306,0.800000011920929,3.400000095367432,-11.69999980926514,-6.099999904632568,-0.5,3.0,2.710000037997685
350,1930-03-16,41.9952,122.8224,37.60000228881836,11.30000019073486,24.02999877899305,2.100000143051147,18.30000114440918,-2.900000095367432,2.799999952316284,8.5,4.300000190734863,5.460000037997686
351,1930-04-16,41.9952,122.8224,56.70000076293945,12.80000019073486,6.920000075995371,3.600000143051147,26.60000038146973,4.200000286102295,10.60000038146973,17.0,6.300000190734863,5.73999977099537
352,1930-05-16,41.9952,122.8224,60.10000228881836,13.10000038146973,0.0,4.599999904632568,32.79999923706055,10.69999980926514,17.20000076293945,23.80000114440918,10.69999980926514,7.149999618993055
353,1930-06-16,41.9952,122.8224,55.79999923706055,11.5,0.0,5.099999904632568,53.79999923706055,16.30000114440918,22.0,27.80000114440918,15.0,9.460000037997684
354,1930-07-16,41.9952,122.8224,66.80000305175781,9.40000057220459,0.0,4.099999904632568,242.5,21.10000038146973,25.80000114440918,30.5,25.80000114440918,17.29999923699074
355,1930-08-16,41.9952,122.8224,60.90000152587891,9.100000381469727,0.0,3.600000143051147,131.4000091552734,19.89999961853027,24.39999961853027,29.0,23.89999961853027,11.42999935199074
356,1930-09-16,41.9952,122.8224,42.10000228881836,12.30000019073486,0.0,3.400000095367432,65.20000457763672,11.90000057220459,18.0,24.20000076293945,13.10000038146973,7.589999675995371
357,1930-10-16,41.9952,122.8224,30.5,13.30000019073486,7.60999965699074,2.299999952316284,31.5,4.0,10.60000038146973,17.30000114440918,7.800000190734863,7.10999965699074
358,1930-11-16,41.9952,122.8224,21.30000114440918,10.60000038146973,27.84000015299768,1.0,24.0,-7.900000095367432,-2.600000143051147,2.700000047683716,3.0,6.51999998099537
359,1930-12-16,41.9952,122.8224,4.700000286102295,10.40000057220459,30.96999931299769,0.5,1.200000047683716,-13.30000019073486,-8.100000381469727,-2.900000095367432,2.400000095367432,0.8999999759953703
360,1931-01-16,41.9952,122.8224,10.90000057220459,11.69999980926514,31.0,0.4000000059604645,5.0,-17.89999961853027,-12.0,-6.200000286102295,2.0,3.309999942997685
361,1931-02-15,41.9952,122.8224,19.89999961853027,11.30000019073486,28.0,0.699999988079071,0.5,-16.5,-10.80000019073486,-5.200000286102295,1.700000047683716,0.9399999979976853
362,1931-03-16,41.9952,122.8224,30.10000038146973,12.10000038146973,26.47999954199074,2.100000143051147,9.300000190734863,-5.200000286102295,0.9000000357627869,7.0,3.299999952316284,3.849999905
363,1931-04-16,41.9952,122.8224,48.70000076293945,11.80000019073486,13.21000003799769,3.299999952316284,24.70000076293945,1.600000023841858,7.5,13.40000057220459,5.0,5.519999980995371
364,1931-05-16,41.9952,122.8224,61.0,12.19999980926514,0.02,4.400000095367432,64.5999984741211,9.699999809265137,15.80000019073486,21.89999961853027,9.40000057220459,10.28999996199074
365,1931-06-16,41.9952,122.8224,58.90000152587891,11.30000019073486,0.0,4.700000286102295,89.20000457763672,15.90000057220459,21.5,27.20000076293945,16.30000114440918,11.88000011399306
366,1931-07-16,41.9952,122.8224,63.40000152587891,9.40000057220459,0.0,4.200000286102295,62.20000076293945,19.30000114440918,24.0,28.70000076293945,21.60000038146973,9.429999351990741
367,1931-08-16,41.9952,122.8224,68.80000305175781,9.300000190734863,0.0,3.400000095367432,200.5,19.5,24.10000038146973,28.80000114440918,23.80000114440918,13.71000003799769
368,1931-09-16,41.9952,122.8224,39.10000228881836,12.40000057220459,0.0,3.400000095367432,69.20000457763672,12.10000038146973,18.30000114440918,24.5,13.80000019073486,7.919999598993055
369,1931-10-16,41.9952,122.8224,29.80000114440918,13.30000019073486,10.01999950399306,2.700000047683716,37.79999923706055,3.0,9.600000381469727,16.30000114440918,5.400000095367432,7.690000056990741
370,1931-11-16,41.9952,122.8224,17.5,11.30000019073486,24.22999954199074,1.200000047683716,7.599999904632568,-3.799999952316284,1.899999976158142,7.599999904632568,4.400000095367432,3.809999942997685
371,1931-12-16,41.9952,122.8224,28.80000114440918,10.5,30.90999984699074,0.6000000238418579,8.90000057220459,-12.80000019073486,-7.5,-2.299999952316284,2.400000095367432,4.610000133993056
372,1932-01-16,41.9952,122.8224,0.0,12.19999980926514,30.89999961899306,0.699999988079071,2.100000143051147,-12.69999980926514,-6.599999904632568,-0.5,2.400000095367432,1.809999942997685
373,1932-02-15,41.9952,122.8224,16.10000038146973,12.30000019073486,29.0,1.0,14.60000038146973,-14.80000019073486,-8.600000381469727,-2.5,1.600000023841858,5.829999923993055
374,1932-03-16,41.9952,122.8224,31.30000114440918,11.10000038146973,27.59000015299768,2.100000143051147,13.0,-6.400000095367432,-0.800000011920929,4.800000190734863,2.299999952316284,4.519999980995371
375,1932-04-16,41.9952,122.8224,50.20000076293945,13.10000038146973,11.42999935199074,3.600000143051147,35.20000076293945,2.299999952316284,8.800000190734863,15.40000057220459,5.099999904632568,6.529999732997685
376,1932-05-16,41.9952,122.8224,57.5,12.60000038146973,0.0,4.700000286102295,69.9000015258789,10.19999980926514,16.5,22.80000114440918,9.300000190734863,10.59999942799769
377,1932-06-16,41.9952,122.8224,49.79999923706055,11.69999980926514,0.0,4.900000095367432,56.10000228881836,16.30000114440918,22.10000038146973,28.0,17.20000076293945,8.97999954199074
378,1932-07-16,41.9952,122.8224,70.0999984741211,8.90000057220459,0.0,4.0,200.6999969482422,21.10000038146973,25.5,30.0,24.80000114440918,15.98999977099537
379,1932-08-16,41.9952,122.8224,56.10000228881836,9.600000381469727,0.0,3.799999952316284,68.0999984741211,19.10000038146973,23.89999961853027,28.70000076293945,22.20000076293945,8.61999988599537
380,1932-09-16,41.9952,122.8224,50.5,12.40000057220459,0.0,3.100000143051147,74.30000305175781,12.30000019073486,18.5,24.70000076293945,14.80000019073486,8.10999965699074
381,1932-10-16,41.9952,122.8224,33.60000228881836,13.0,8.550000190995371,2.600000143051147,50.0,3.600000143051147,10.10000038146973,16.60000038146973,5.800000190734863,8.840000152997685
382,1932-11-16,41.9952,122.8224,36.29999923706055,11.80000019073486,24.85000038099537,1.5,12.10000038146973,-4.400000095367432,1.5,7.400000095367432,3.299999952316284,5.019999980995371
383,1932-12-16,41.9952,122.8224,6.0,10.40000057220459,30.25,0.800000011920929,2.600000143051147,-10.5,-5.300000190734863,-0.1000000014901161,2.299999952316284,2.419999837997685
384,1933-01-16,41.9952,122.8224,0.0,11.40000057220459,31.0,0.6000000238418579,0.800000011920929,-17.89999961853027,-12.19999980926514,-6.5,1.300000071525574,1.110000013993055
385,1933-02-15,41.9952,122.8224,19.89999961853027,12.19999980926514,28.0,0.800000011920929,10.19999980926514,-15.60000038146973,-9.5,-3.400000095367432,1.899999976158142,4.849999905
386,1933-03-16,41.9952,122.8224,26.30000114440918,11.40000057220459,28.90999984699074,1.700000047683716,25.80000114440918,-8.100000381469727,-2.400000095367432,3.299999952316284,2.799999952316284,6.46999979
387,1933-04-16,41.9952,122.8224,44.10000228881836,12.19999980926514,10.18999958,3.400000095367432,22.30000114440918,2.799999952316284,8.90000057220459,15.0,5.800000190734863,5.150000095
388,1933-05-16,41.9952,122.8224,57.20000076293945,13.30000019073486,0.0,5.0,59.79999923706055,10.80000019073486,17.39999961853027,24.10000038146973,9.5,9.88999939
389,1933-06-16,41.9952,122.8224,57.20000076293945,11.5,0.0,4.5,110.2000045776367,16.0,21.70000076293945,27.5,18.0,13.39999961899306
390,1933-07-16,41.9952,122.8224,65.0999984741211,8.90000057220459,0.0,4.300000190734863,129.6999969482422,21.70000076293945,26.10000038146973,30.60000038146973,24.89999961853027,13.13999939
391,1933-08-16,41.9952,122.8224,55.60000228881836,10.10000038146973,0.0,3.799999952316284,198.1999969482422,18.70000076293945,23.70000076293945,28.80000114440918,22.39999961853027,13.94999980899306
392,1933-09-16,41.9952,122.8224,37.29999923706055,12.60000038146973,0.0,3.400000095367432,43.10000228881836,12.0,18.30000114440918,24.60000038146973,14.10000038146973,6.339999675995371
393,1933-10-16,41.9952,122.8224,34.60000228881836,12.69999980926514,8.079999923993055,2.400000095367432,50.70000076293945,3.799999952316284,10.10000038146973,16.5,6.599999904632568,8.599999427997686
394,1933-11-16,41.9952,122.8224,16.30000114440918,11.30000019073486,26.180000305,1.200000047683716,8.800000190734863,-5.800000190734863,-0.1000000014901161,5.599999904632568,3.5,4.360000133993056
395,1933-12-16,41.9952,122.8224,8.5,10.0,30.72999954199074,0.5,6.800000190734863,-11.90000057220459,-6.900000095367432,-1.899999976158142,2.799999952316284,4.099999905
396,1934-01-16,41.9952,122.8224,26.0,11.69999980926514,31.0,0.5,0.5,-20.0,-14.10000038146973,-8.300000190734863,1.300000071525574,0.6399999859953703
397,1934-02-15,41.9952,122.8224,8.600000381469727,12.19999980926514,27.819999695,1.100000023841858,1.899999976158142,-12.19999980926514,-6.099999904632568,0.0,2.200000047683716,1.929999947997685
398,1934-03-16,41.9952,122.8224,30.10000038146973,11.10000038146973,28.25,1.899999976158142,12.69999980926514,-7.200000286102295,-1.600000023841858,4.0,2.5,4.48999977099537
399,1934-04-16,41.9952,122.8224,49.40000152587891,12.40000057220459,12.96000003799769,3.299999952316284,24.39999961853027,1.700000047683716,7.900000095367432,14.10000038146973,5.300000190734863,5.409999846990741
400,1934-05-16,41.9952,122.8224,57.0,12.90000057220459,0.0,4.800000190734863,54.90000152587891,11.5,17.89999961853027,24.39999961853027,10.60000038146973,9.460000037997684
401,1934-06-16,41.9952,122.8224,60.5,11.0,0.0,4.700000286102295,149.8000030517578,16.0,21.5,27.0,15.90000057220459,15.47999954199074
402,1934-07-16,41.9952,122.8224,70.0,8.5,0.0,3.700000047683716,161.5,20.30000114440918,24.5,28.80000114440918,25.10000038146973,14.31999969498843
403,1934-08-16,41.9952,122.8224,63.70000076293945,10.10000038146973,0.0,3.5,114.3000030517578,18.39999961853027,23.39999961853027,28.5,22.89999961853027,11.05999946599537
404,1934-09-16,41.9952,122.8224,49.10000228881836,11.69999980926514,0.0,3.0,63.60000228881836,11.60000038146973,17.39999961853027,23.30000114440918,14.30000019073486,7.549999713993055
405,1934-10-16,41.9952,122.8224,31.60000038146973,13.10000038146973,10.52999973299769,2.299999952316284,28.10000038146973,2.799999952316284,9.300000190734863,15.90000057220459,6.800000190734863,6.710000037997685
406,1934-11-16,41.9952,122.8224,12.5,11.30000019073486,25.34000015299768,1.399999976158142,23.5,-4.900000095367432,0.800000011920929,6.5,3.299999952316284,6.230000018993056
407,1934-12-16,41.9952,122.8224,2.200000047683716,10.90000057220459,29.97999954199074,0.6000000238418579,4.300000190734863,-9.90000057220459,-4.400000095367432,1.100000023841858,3.100000143051147,3.079999923993055
408,1935-01-16,41.9952,122.8224,0.0,11.60000038146973,31.0,0.6000000238418579,3.799999952316284,-14.60000038146973,-8.800000190734863,-3.0,2.200000047683716,3.019999980995371
409,1935-02-15,41.9952,122.8224,18.60000038146973,12.69999980926514,27.20999908399306,1.300000071525574,1.0,-10.19999980926514,-3.799999952316284,2.600000143051147,2.5,1.50999999
410,1935-03-16,41.9952,122.8224,30.10000038146973,12.30000019073486,24.70999908399306,2.299999952316284,4.599999904632568,-3.5,2.700000047683716,8.90000057220459,3.600000143051147,2.690000056990741
411,1935-04-16,41.9952,122.8224,43.79999923706055,13.60000038146973,9.460000037997684,3.900000095367432,8.90000057220459,3.100000143051147,9.90000057220459,16.70000076293945,5.200000286102295,3.109999895
412,1935-05-16,41.9952,122.8224,56.0,13.10000038146973,0.0,5.099999904632568,36.90000152587891,10.40000057220459,16.89999961853027,23.5,8.40000057220459,7.98999977099537
413,1935-06-16,41.9952,122.8224,59.60000228881836,10.80000019073486,0.0,4.700000286102295,120.8000030517578,15.80000019073486,21.20000076293945,26.60000038146973,15.0,13.97999954199074
414,1935-07-16,41.9952,122.8224,69.5,9.0,0.0,4.0,164.3000030517578,20.70000076293945,25.20000076293945,29.70000076293945,24.10000038146973,14.48999977099537
415,1935-08-16,41.9952,122.8224,55.40000152587891,10.30000019073486,0.0,4.0,70.0,19.5,24.60000038146973,29.80000114440918,23.0,8.300000190995371
416,1935-09-16,41.9952,122.8224,35.10000228881836,12.69999980926514,0.0,3.700000047683716,38.5,12.40000057220459,18.70000076293945,25.10000038146973,12.90000057220459,6.00999975199074
417,1935-10-16,41.9952,122.8224,33.5,12.60000038146973,3.909999846990741,2.5,79.9000015258789,5.800000190734863,12.10000038146973,18.39999961853027,7.900000095367432,10.67999935199074
418,1935-11-16,41.9952,122.8224,26.30000114440918,10.19999980926514,26.09000015299768,1.0,15.60000038146973,-5.700000286102295,-0.6000000238418579,4.5,3.900000095367432,5.230000018993056
419,1935-12-16,41.9952,122.8224,28.80000114440918,10.60000038146973,31.0,0.699999988079071,3.299999952316284,-16.20000076293945,-10.90000057220459,-5.599999904632568,1.200000047683716,2.669999837997685
420,1936-01-16,41.9952,122.8224,0.0,11.19999980926514,31.0,0.5,1.0,-20.0,-14.40000057220459,-8.800000190734863,1.200000047683716,1.409999966990741
421,1936-02-15,41.9952,122.8224,12.40000057220459,11.5,29.0,0.699999988079071,5.800000190734863,-16.80000114440918,-11.0,-5.300000190734863,1.700000047683716,3.50999999
422,1936-03-16,41.9952,122.8224,26.30000114440918,11.60000038146973,28.97999954199074,1.800000071525574,9.100000381469727,-8.199999809265137,-2.400000095367432,3.400000095367432,2.400000095367432,3.629999875995371
423,1936-04-16,41.9952,122.8224,57.40000152587891,11.19999980926514,10.67999935199074,3.200000047683716,33.20000076293945,2.600000143051147,8.199999809265137,13.80000019073486,5.5,6.279999732997685
424,1936-05-16,41.9952,122.8224,60.10000228881836,12.30000019073486,0.0,4.5,54.5,10.0,16.10000038146973,22.30000114440918,9.40000057220459,9.340000152997685
425,1936-06-16,41.9952,122.8224,57.70000076293945,10.69999980926514,0.0,4.599999904632568,111.5999984741211,16.30000114440918,21.60000038146973,27.0,17.0,12.96999931299768
426,1936-07-16,41.9952,122.8224,68.5999984741211,8.300000190734863,0.0,4.099999904632568,145.1000061035156,20.70000076293945,24.80000114440918,29.0,22.80000114440918,13.67000007599537
427,1936-08-16,41.9952,122.8224,54.5,9.5,0.0,3.799999952316284,112.2000045776367,18.70000076293945,23.39999961853027,28.20000076293945,22.0,10.90999984699074
428,1936-09-16,41.9952,122.8224,51.90000152587891,11.60000038146973,0.0,3.100000143051147,159.1000061035156,12.60000038146973,18.39999961853027,24.20000076293945,14.90000057220459,11.48999977099537
429,1936-10-16,41.9952,122.8224,30.89999961853027,12.80000019073486,7.839999675995371,2.400000095367432,20.39999961853027,3.900000095367432,10.30000019073486,16.70000076293945,7.0,5.329999923993055
430,1936-11-16,41.9952,122.8224,26.30000114440918,10.69999980926514,25.34000015299768,1.300000071525574,28.30000114440918,-4.900000095367432,0.5,5.900000095367432,3.5,7.36999988599537
431,1936-12-16,41.9952,122.8224,28.80000114440918,10.10000038146973,30.69999885599537,0.699999988079071,12.5,-11.80000019073486,-6.700000286102295,-1.700000047683716,2.100000143051147,5.069999695
432,1937-01-16,41.9952,122.8224,0.0,11.19999980926514,31.0,0.5,1.300000071525574,-15.90000057220459,-10.30000019073486,-4.700000286102295,1.899999976158142,1.199999927997685
433,1937-02-15,41.9952,122.8224,16.10000038146973,12.0,27.96999931299769,0.9000000357627869,2.600000143051147,-13.30000019073486,-7.300000190734863,-1.300000071525574,2.200000047683716,2.269999980995371
434,1937-03-16,41.9952,122.8224,41.29999923706055,10.5,27.76000022899306,1.600000023841858,22.5,-6.599999904632568,-1.300000071525574,4.0,3.299999952316284,5.980000018993056
435,1937-04-16,41.9952,122.8224,52.5,12.0,10.67999935199074,3.200000047683716,65.80000305175781,2.600000143051147,8.600000381469727,14.60000038146973,5.900000095367432,8.689999579988427
436,1937-05-16,41.9952,122.8224,57.70000076293945,13.40000057220459,0.0,4.800000190734863,33.0,9.90000057220459,16.60000038146973,23.30000114440918,9.100000381469727,7.279999732997685
437,1937-06-16,41.9952,122.8224,59.5,11.5,0.0,4.700000286102295,41.29999923706055,16.60000038146973,22.30000114440918,28.10000038146973,17.30000114440918,8.329999923993055
438,1937-07-16,41.9952,122.8224,65.0,9.0,0.0,4.300000190734863,119.9000015258789,21.39999961853027,25.89999961853027,30.39999961853027,24.39999961853027,12.47999954199074
439,1937-08-16,41.9952,122.8224,73.20000457763672,9.100000381469727,0.0,3.299999952316284,303.7000122070312,20.39999961853027,24.89999961853027,29.5,24.89999961853027,17.10000038099537
440,1937-09-16,41.9952,122.8224,45.60000228881836,13.0,0.0,3.100000143051147,81.30000305175781,11.80000019073486,18.30000114440918,24.80000114440918,15.30000019073486,8.5
441,1937-10-16,41.9952,122.8224,34.29999923706055,12.40000057220459,6.059999942997685,2.200000047683716,29.30000114440918,4.700000286102295,10.90000057220459,17.10000038146973,8.5,6.779999732997685
442,1937-11-16,41.9952,122.8224,12.5,11.19999980926514,24.94999885599537,1.100000023841858,5.900000095367432,-4.5,1.100000023841858,6.700000286102295,4.400000095367432,3.470000028993055
443,1937-12-16,41.9952,122.8224,28.80000114440918,11.10000038146973,31.0,0.5,2.0,-16.20000076293945,-10.60000038146973,-5.099999904632568,1.700000047683716,2.089999913993056
444,1938-01-16,41.9952,122.8224,0.0,12.19999980926514,31.0,0.5,5.300000190734863,-18.60000038146973,-12.5,-6.400000095367432,1.5,3.769999980995371
445,1938-02-15,41.9952,122.8224,11.10000038146973,11.90000057220459,28.0,0.9000000357627869,6.0,-13.90000057220459,-7.900000095367432,-2.0,2.0,3.809999942997685
446,1938-03-16,41.9952,122.8224,32.60000228881836,11.80000019073486,23.90999984699074,2.200000047683716,11.60000038146973,-2.799999952316284,3.100000143051147,9.0,4.0,4.5
447,1938-04-16,41.9952,122.8224,46.60000228881836,13.69999980926514,6.920000075995371,3.900000095367432,24.5,4.200000286102295,11.0,17.89999961853027,6.5,5.5
448,1938-05-16,41.9952,122.8224,53.90000152587891,11.80000019073486,0.0,4.300000190734863,106.9000015258789,10.40000057220459,16.30000114440918,22.20000076293945,11.0,12.86999988599537
449,1938-06-16,41.9952,122.8224,63.5,11.0,0.0,4.400000095367432,80.5999984741211,16.5,22.0,27.5,17.89999961853027,11.55000019099537
450,1938-07-16,41.9952,122.8224,71.0999984741211,8.90000057220459,0.0,3.900000095367432,224.9000091552734,21.5,25.89999961853027,30.39999961853027,26.20000076293945,16.70999908399305
451,1938-08-16,41.9952,122.8224,59.0,9.600000381469727,0.0,3.799999952316284,185.5,20.30000114440918,25.10000038146973,29.89999961853027,24.39999961853027,13.64999961899306
452,1938-09-16,41.9952,122.8224,51.60000228881836,12.0,0.0,3.100000143051147,56.10000228881836,11.5,17.5,23.5,13.5,7.149999618993055
453,1938-10-16,41.9952,122.8224,36.10000228881836,12.10000038146973,4.089999675995371,2.100000143051147,84.0999984741211,5.700000286102295,11.69999980926514,17.80000114440918,9.40000057220459,10.90999984699074
454,1938-11-16,41.9952,122.8224,11.30000019073486,11.40000057220459,26.09000015299768,1.100000023841858,2.600000143051147,-5.700000286102295,0.0,5.700000286102295,3.900000095367432,2.099999905
455,1938-12-16,41.9952,122.8224,2.200000047683716,11.19999980926514,31.0,0.4000000059604645,5.200000286102295,-15.60000038146973,-10.0,-4.400000095367432,2.200000047683716,3.379999875995371
456,1939-01-16,41.9952,122.8224,25.80000114440918,12.19999980926514,31.0,0.4000000059604645,3.100000143051147,-18.20000076293945,-12.10000038146973,-6.0,2.0,3.019999980995371
457,1939-02-15,41.9952,122.8224,13.60000038146973,12.5,27.98999977099537,0.9000000357627869,0.1000000014901161,-13.5,-7.200000286102295,-1.0,2.299999952316284,0.3199999929976852
458,1939-03-16,41.9952,122.8224,35.10000228881836,11.60000038146973,25.35999870299769,2.0,9.40000057220459,-4.099999904632568,1.700000047683716,7.5,3.799999952316284,3.669999837997685
459,1939-04-16,41.9952,122.8224,43.40000152587891,13.90000057220459,8.039999961990741,3.799999952316284,13.5,3.700000047683716,10.60000038146973,17.60000038146973,6.300000190734863,3.7099998
460,1939-05-16,41.9952,122.8224,59.79999923706055,13.69999980926514,0.02,4.5,38.10000228881836,9.699999809265137,16.5,23.39999961853027,10.40000057220459,7.839999675995371
461,1939-06-16,41.9952,122.8224,62.0,10.60000038146973,0.0,4.5,75.0999984741211,16.20000076293945,21.5,26.80000114440918,16.70000076293945,10.84999942799769
462,1939-07-16,41.9952,122.8224,64.0,9.0,0.0,4.400000095367432,151.3000030517578,22.60000038146973,27.10000038146973,31.60000038146973,26.60000038146973,13.67999935199074
463,1939-08-16,41.9952,122.8224,61.60000228881836,9.90000057220459,0.0,4.0,175.8000030517578,21.39999961853027,26.30000114440918,31.30000114440918,24.80000114440918,13.38999939
464,1939-09-16,41.9952,122.8224,49.60000228881836,10.80000019073486,0.0,3.0,138.6000061035156,12.5,17.89999961853027,23.30000114440918,14.60000038146973,10.85999965699074
465,1939-10-16,41.9952,122.8224,32.70000076293945,12.90000057220459,8.079999923993055,2.100000143051147,50.29999923706055,3.799999952316284,10.19999980926514,16.70000076293945,8.100000381469727,7.98999977099537
466,1939-11-16,41.9952,122.8224,16.30000114440918,11.19999980926514,25.43999862699074,1.100000023841858,28.39999961853027,-5.0,0.6000000238418579,6.200000286102295,4.200000286102295,7.429999827997685
467,1939-12-16,41.9952,122.8224,28.80000114440918,11.80000019073486,30.69999885599537,0.699999988079071,3.299999952316284,-11.80000019073486,-5.900000095367432,0.0,2.5,2.289999961990741
468,1940-01-16,41.9952,122.8224,27.20000076293945,10.80000019073486,31.0,0.4000000059604645,4.900000095367432,-18.70000076293945,-13.30000019073486,-7.900000095367432,1.700000047683716,3.25
469,1940-02-15,41.9952,122.8224,30.0,12.80000019073486,28.98999977099537,1.0,1.100000023841858,-13.60000038146973,-7.200000286102295,-0.800000011920929,2.200000047683716,1.63999998599537
470,1940-03-16,41.9952,122.8224,36.29999923706055,13.0,25.98999977099537,2.100000143051147,5.400000095367432,-4.700000286102295,1.800000071525574,8.300000190734863,3.700000047683716,3.02999997099537
471,1940-04-16,41.9952,122.8224,48.5,13.10000038146973,10.42999935199074,3.5,9.699999809265137,2.700000047683716,9.199999809265137,15.80000019073486,5.900000095367432,3.579999923993055
472,1940-05-16,41.9952,122.8224,52.40000152587891,13.69999980926514,0.0,4.900000095367432,54.70000076293945,10.5,17.30000114440918,24.20000076293945,10.19999980926514,9.13999939
473,1940-06-16,41.9952,122.8224,57.70000076293945,11.0,0.0,4.400000095367432,71.30000305175781,15.69999980926514,21.20000076293945,26.70000076293945,17.5,10.53999996199074
474,1940-07-16,41.9952,122.8224,67.20000457763672,9.300000190734863,0.0,4.0,151.1000061035156,20.70000076293945,25.30000114440918,30.0,24.89999961853027,13.76999950399306
475,1940-08-16,41.9952,122.8224,58.60000228881836,9.90000057220459,0.0,3.5,181.6000061035156,17.39999961853027,22.30000114440918,27.30000114440918,21.39999961853027,13.67000007599537
476,1940-09-16,41.9952,122.8224,42.0,13.0,0.0,3.200000047683716,25.60000038146973,11.80000019073486,18.30000114440918,24.80000114440918,14.80000019073486,4.980000018993056
477,1940-10-16,41.9952,122.8224,30.30000114440918,14.0,6.710000037997685,2.400000095367432,29.20000076293945,4.400000095367432,11.40000057220459,18.39999961853027,8.40000057220459,6.480000018993056
478,1940-11-16,41.9952,122.8224,36.29999923706055,10.80000019073486,24.64999961899306,1.100000023841858,29.70000076293945,-4.200000286102295,1.200000047683716,6.599999904632568,4.5,7.230000018993056
479,1940-12-16,41.9952,122.8224,28.80000114440918,11.40000057220459,30.89999961899306,0.5,14.60000038146973,-12.69999980926514,-7.0,-1.300000071525574,2.700000047683716,5.929999827997685
480,1941-01-16,41.9952,122.8224,24.80000114440918,12.80000019073486,31.0,0.5,3.900000095367432,-16.60000038146973,-10.19999980926514,-3.799999952316284,2.100000143051147,3.179999827997685
481,1941-02-15,41.9952,122.8224,30.0,12.80000019073486,28.0,0.9000000357627869,4.099999904632568,-14.30000019073486,-7.900000095367432,-1.5,2.100000143051147,3.210000037997685
482,1941-03-16,41.9952,122.8224,36.29999923706055,11.40000057220459,27.22999954199074,1.800000071525574,22.0,-6.0,-0.300000011920929,5.400000095367432,3.5,6.11999988599537
483,1941-04-16,41.9952,122.8224,48.20000076293945,12.19999980926514,11.67999935199074,3.299999952316284,10.10000038146973,2.200000047683716,8.300000190734863,14.40000057220459,5.599999904632568,3.659999846990741
484,1941-05-16,41.9952,122.8224,53.5,12.40000057220459,0.0,4.700000286102295,58.10000228881836,10.60000038146973,16.80000114440918,23.0,10.0,9.529999732997686
485,1941-06-16,41.9952,122.8224,58.40000152587891,11.5,0.0,4.5,54.70000076293945,16.70000076293945,22.39999961853027,28.20000076293945,19.39999961853027,9.550000190995371
486,1941-07-16,41.9952,122.8224,66.30000305175781,9.699999809265137,0.0,4.0,142.9000091552734,19.80000114440918,24.60000038146973,29.5,24.0,13.23999977099537
487,1941-08-16,41.9952,122.8224,58.79999923706055,9.800000190734863,0.0,3.600000143051147,125.2000045776367,18.60000038146973,23.5,28.39999961853027,22.60000038146973,11.23999977099537
488,1941-09-16,41.9952,122.8224,42.0,12.60000038146973,0.0,3.299999952316284,78.0999984741211,12.30000019073486,18.60000038146973,24.89999961853027,14.40000057220459,7.940000056990741
489,1941-10-16,41.9952,122.8224,34.5,12.80000019073486,7.839999675995371,2.200000047683716,57.70000076293945,3.900000095367432,10.30000019073486,16.70000076293945,7.700000286102295,9.289999961990741
490,1941-11-16,41.9952,122.8224,36.29999923706055,10.90000057220459,23.47999954199074,1.200000047683716,4.800000190734863,-3.100000143051147,2.400000095367432,7.900000095367432,4.800000190734863,2.950000047997685
491,1941-12-16,41.9952,122.8224,28.80000114440918,12.10000038146973,30.90999984699074,0.6000000238418579,11.19999980926514,-12.80000019073486,-6.700000286102295,-0.699999988079071,2.700000047683716,5.0
492,1942-01-16,41.9952,122.8224,24.5,13.10000038146973,31.0,0.6000000238418579,3.100000143051147,-17.5,-10.90000057220459,-4.400000095367432,1.700000047683716,2.539999961990741
493,1942-02-15,41.9952,122.8224,30.0,13.40000057220459,28.0,1.0,1.0,-15.69999980926514,-9.0,-2.299999952316284,1.600000023841858,1.50999999
494,1942-03-16,41.9952,122.8224,36.29999923706055,13.69999980926514,25.03999900799769,2.400000095367432,8.100000381469727,-3.799999952316284,3.100000143051147,10.0,3.799999952316284,3.849999905
495,1942-04-16,41.9952,122.8224,48.10000228881836,12.80000019073486,9.699999808993056,3.5,60.0,3.0,9.40000057220459,15.80000019073486,6.099999904632568,8.210000037997684
496,1942-05-16,41.9952,122.8224,53.60000228881836,12.30000019073486,0.02,4.5,50.40000152587891,9.699999809265137,15.80000019073486,22.0,9.699999809265137,9.179999351990741
497,1942-06-16,41.9952,122.8224,57.5,10.40000057220459,0.0,5.099999904632568,20.89999961853027,18.30000114440918,23.5,28.70000076293945,17.0,5.809999942997685
498,1942-07-16,41.9952,122.8224,64.5999984741211,8.699999809265137,0.0,4.099999904632568,283.8999938964844,21.5,25.80000114440918,30.20000076293945,26.20000076293945,18.44000053399305
499,1942-08-16,41.9952,122.8224,58.40000152587891,9.300000190734863,0.0,3.700000047683716,89.0,19.5,24.10000038146973,28.80000114440918,22.89999961853027,9.73999977099537
500,1942-09-16,41.9952,122.8224,42.29999923706055,11.90000057220459,0.0,3.299999952316284,50.29999923706055,12.30000019073486,18.20000076293945,24.20000076293945,14.0,6.829999923993056
501,1942-10-16,41.9952,122.8224,35.70000076293945,12.30000019073486,8.30999946599537,2.100000143051147,43.10000228881836,3.700000047683716,9.800000190734863,16.0,7.700000286102295,8.11999988599537
502,1942-11-16,41.9952,122.8224,36.29999923706055,10.5,25.04999923699074,1.200000047683716,16.20000076293945,-4.599999904632568,0.699999988079071,6.0,4.0,5.690000056990741
503,1942-12-16,41.9952,122.8224,28.80000114440918,10.80000019073486,30.92999839799769,0.699999988079071,5.200000286102295,-12.90000057220459,-7.5,-2.100000143051147,2.100000143051147,2.679999827997685
504,1943-01-16,41.9952,122.8224,0.0,11.90000057220459,31.0,0.5,1.600000023841858,-17.5,-11.5,-5.599999904632568,1.600000023841858,2.059999942997685
505,1943-02-15,41.9952,122.8224,14.90000057220459,12.19999980926514,27.93999862699074,1.0,5.5,-13.0,-6.900000095367432,-0.800000011920929,2.200000047683716,3.480000018993055
506,1943-03-16,41.9952,122.8224,26.30000114440918,11.60000038146973,25.14999961899306,2.200000047683716,7.5,-3.900000095367432,1.899999976158142,7.700000286102295,3.600000143051147,3.49000001
507,1943-04-16,41.9952,122.8224,49.20000076293945,12.5,8.269999503993056,3.5,22.80000114440918,3.600000143051147,9.800000190734863,16.10000038146973,6.400000095367432,5.279999732997685
508,1943-05-16,41.9952,122.8224,53.60000228881836,12.5,0.0,4.400000095367432,67.9000015258789,11.19999980926514,17.39999961853027,23.70000076293945,12.10000038146973,10.55000019099537
509,1943-06-16,41.9952,122.8224,56.40000152587891,11.10000038146973,0.0,4.800000190734863,50.70000076293945,16.89999961853027,22.39999961853027,28.0,17.70000076293945,9.11999988599537
510,1943-07-16,41.9952,122.8224,61.20000076293945,8.300000190734863,0.0,4.400000095367432,91.20000457763672,21.70000076293945,25.80000114440918,30.0,23.70000076293945,10.97999954199074
511,1943-08-16,41.9952,122.8224,58.40000152587891,9.199999809265137,0.0,3.600000143051147,132.4000091552734,20.20000076293945,24.80000114440918,29.39999961853027,25.5,11.73999977099537
512,1943-09-16,41.9952,122.8224,42.70000076293945,11.80000019073486,0.0,3.200000047683716,88.9000015258789,12.19999980926514,18.10000038146973,24.0,14.60000038146973,8.73999977099537
513,1943-10-16,41.9952,122.8224,34.10000228881836,12.30000019073486,5.849999905,2.200000047683716,23.89999961853027,4.800000190734863,10.90000057220459,17.10000038146973,8.600000381469727,5.98999977099537
514,1943-11-16,41.9952,122.8224,23.80000114440918,10.80000019073486,25.14999961899306,1.100000023841858,12.40000057220459,-4.700000286102295,0.699999988079071,6.099999904632568,4.200000286102295,4.949999808993056
515,1943-12-16,41.9952,122.8224,28.80000114440918,11.0,30.79999923699074,0.699999988079071,6.800000190734863,-12.19999980926514,-6.700000286102295,-1.200000047683716,2.400000095367432,3.75999999
516,1944-01-16,41.9952,122.8224,25.30000114440918,11.90000057220459,31.0,0.5,1.399999976158142,-16.30000114440918,-10.30000019073486,-4.400000095367432,2.0,1.129999995
517,1944-02-15,41.9952,122.8224,30.0,12.10000038146973,28.98999977099537,0.9000000357627869,2.100000143051147,-13.69999980926514,-7.599999904632568,-1.600000023841858,2.100000143051147,1.329999923993056
518,1944-03-16,41.9952,122.8224,36.29999923706055,11.5,26.09000015299768,2.0,13.40000057220459,-4.800000190734863,1.0,6.800000190734863,3.5,4.630000113993056
519,1944-04-16,41.9952,122.8224,49.20000076293945,12.40000057220459,9.220000266990741,3.299999952316284,14.40000057220459,3.200000047683716,9.40000057220459,15.60000038146973,6.599999904632568,4.069999695
520,1944-05-16,41.9952,122.8224,53.40000152587891,12.60000038146973,0.0,4.700000286102295,54.79999923706055,10.5,16.80000114440918,23.10000038146973,10.10000038146973,9.529999732997686
521,1944-06-16,41.9952,122.8224,57.60000228881836,10.69999980926514,0.0,4.900000095367432,86.30000305175781,17.39999961853027,22.70000076293945,28.10000038146973,17.30000114440918,11.92000007599537
522,1944-07-16,41.9952,122.8224,65.5999984741211,8.699999809265137,0.0,4.099999904632568,96.4000015258789,21.70000076293945,26.0,30.39999961853027,25.70000076293945,11.0
523,1944-08-16,41.9952,122.8224,58.20000076293945,9.5,0.0,3.799999952316284,98.5999984741211,19.5,24.20000076293945,29.0,22.89999961853027,10.28999996199074
524,1944-09-16,41.9952,122.8224,42.5,11.90000057220459,0.0,3.299999952316284,92.0,12.80000019073486,18.70000076293945,24.70000076293945,14.90000057220459,8.849999427997686
525,1944-10-16,41.9952,122.8224,34.40000152587891,12.5,7.379999637997686,2.299999952316284,24.10000038146973,4.099999904632568,10.30000019073486,16.60000038146973,7.599999904632568,6.11999988599537
526,1944-11-16,41.9952,122.8224,36.29999923706055,10.69999980926514,24.94999885599537,1.200000047683716,13.40000057220459,-4.5,0.9000000357627869,6.300000190734863,3.900000095367432,4.819999695
527,1944-12-16,41.9952,122.8224,28.80000114440918,10.80000019073486,31.0,0.699999988079071,2.0,-15.80000019073486,-10.40000057220459,-5.0,1.399999976158142,1.709999918993055
528,1945-01-16,41.9952,122.8224,25.39999961853027,11.80000019073486,31.0,0.5,4.800000190734863,-18.70000076293945,-12.80000019073486,-6.900000095367432,1.5,3.02999997099537
529,1945-02-15,41.9952,122.8224,30.0,11.90000057220459,28.0,0.800000011920929,5.599999904632568,-15.5,-9.5,-3.600000143051147,1.800000071525574,3.199999808993056
530,1945-03-16,41.9952,122.8224,36.29999923706055,11.19999980926514,26.86999893199074,1.800000071525574,11.40000057220459,-5.599999904632568,0.0,5.599999904632568,3.400000095367432,3.980000018993055
531,1945-04-16,41.9952,122.8224,47.5,12.5,6.48999977099537,3.799999952316284,27.30000114440918,4.400000095367432,10.60000038146973,16.89999961853027,6.200000286102295,5.679999827997685
532,1945-05-16,41.9952,122.8224,53.40000152587891,12.40000057220459,0.1099999989930556,4.300000190734863,52.29999923706055,9.300000190734863,15.5,21.70000076293945,9.90000057220459,9.399999618993055
533,1945-06-16,41.9952,122.8224,58.29999923706055,10.69999980926514,0.0,4.5,41.70000076293945,16.39999961853027,21.70000076293945,27.10000038146973,17.80000114440918,8.429999351990741
534,1945-07-16,41.9952,122.8224,66.30000305175781,8.800000190734863,0.0,3.700000047683716,157.9000091552734,19.70000076293945,24.10000038146973,28.5,24.60000038146973,14.17000007599537
535,1945-08-16,41.9952,122.8224,58.70000076293945,9.40000057220459,0.0,3.600000143051147,194.6999969482422,19.5,24.20000076293945,28.89999961853027,24.10000038146973,14.17000007599537
536,1945-09-16,41.9952,122.8224,42.90000152587891,11.60000038146973,0.0,3.200000047683716,50.10000228881836,12.90000057220459,18.70000076293945,24.5,15.40000057220459,6.730000018993056
537,1945-10-16,41.9952,122.8224,35.70000076293945,12.30000019073486,6.929999827997685,2.0,52.40000152587891,4.300000190734863,10.40000057220459,16.60000038146973,8.600000381469727,8.75
538,1945-11-16,41.9952,122.8224,36.29999923706055,10.60000038146973,23.13999939,1.100000023841858,26.20000076293945,-2.799999952316284,2.5,7.800000190734863,5.099999904632568,6.980000018993056
539,1945-12-16,41.9952,122.8224,28.80000114440918,10.90000057220459,30.95999908399306,0.6000000238418579,2.0,-13.19999980926514,-7.700000286102295,-2.299999952316284,2.299999952316284,2.0
540,1946-01-16,41.9952,122.8224,25.10000038146973,11.60000038146973,31.0,0.6000000238418579,7.0,-15.5,-9.699999809265137,-3.900000095367432,1.899999976158142,3.939999818993056
541,1946-02-15,41.9952,122.8224,30.0,12.0,27.85999870299769,1.0,7.400000095367432,-12.40000057220459,-6.400000095367432,-0.4000000059604645,2.400000095367432,3.929999827997685
542,1946-03-16,41.9952,122.8224,36.29999923706055,10.80000019073486,26.86999893199074,1.700000047683716,16.80000114440918,-5.599999904632568,-0.2000000029802322,5.200000286102295,3.700000047683716,5.21999979
543,1946-04-16,41.9952,122.8224,48.79999923706055,12.69999980926514,7.35999965699074,3.600000143051147,27.89999961853027,4.0,10.30000019073486,16.70000076293945,6.599999904632568,5.730000018993056
544,1946-05-16,41.9952,122.8224,53.5,12.5,0.0,4.5,64.5999984741211,10.19999980926514,16.39999961853027,22.70000076293945,10.30000019073486,10.31999969498843
545,1946-06-16,41.9952,122.8224,58.40000152587891,10.60000038146973,0.0,4.900000095367432,66.30000305175781,17.70000076293945,23.0,28.30000114440918,17.60000038146973,10.59000015299769
546,1946-07-16,41.9952,122.8224,65.5,8.800000190734863,0.0,4.099999904632568,145.6999969482422,21.39999961853027,25.80000114440918,30.20000076293945,25.60000038146973,13.65999984699074
547,1946-08-16,41.9952,122.8224,58.79999923706055,9.300000190734863,0.0,3.700000047683716,132.8000030517578,20.0,24.60000038146973,29.30000114440918,24.5,11.93999958
548,1946-09-16,41.9952,122.8224,42.20000076293945,12.0,0.0,3.100000143051147,89.5999984741211,12.0,18.0,24.0,15.10000038146973,8.769999503993056
549,1946-10-16,41.9952,122.8224,35.29999923706055,12.40000057220459,6.929999827997685,2.0,14.40000057220459,4.300000190734863,10.5,16.70000076293945,8.699999809265137,4.639999865995371
550,1946-11-16,41.9952,122.8224,36.29999923706055,10.60000038146973,23.36999893199074,1.100000023841858,12.69999980926514,-3.0,2.299999952316284,7.599999904632568,4.900000095367432,5.059999942997685
551,1946-12-16,41.9952,122.8224,28.80000114440918,10.69999980926514,31.0,0.6000000238418579,1.899999976158142,-14.40000057220459,-9.0,-3.700000047683716,1.899999976158142,1.879999995
552,1947-01-16,41.9952,122.8224,26.39999961853027,11.0,31.0,0.4000000059604645,8.100000381469727,-17.20000076293945,-11.69999980926514,-6.200000286102295,1.899999976158142,4.329999923993055
553,1947-02-15,41.9952,122.8224,30.0,12.10000038146973,28.0,0.800000011920929,1.200000047683716,-16.39999961853027,-10.30000019073486,-4.300000190734863,1.700000047683716,1.480000018993056
554,1947-03-16,41.9952,122.8224,36.29999923706055,10.90000057220459,28.25,1.700000047683716,32.79999923706055,-7.200000286102295,-1.700000047683716,3.799999952316284,3.0,6.949999808993055
555,1947-04-16,41.9952,122.8224,47.79999923706055,13.19999980926514,8.97999954199074,3.600000143051147,6.599999904632568,3.299999952316284,9.90000057220459,16.5,6.099999904632568,3.0
556,1947-05-16,41.9952,122.8224,53.29999923706055,14.0,0.02,4.700000286102295,69.20000457763672,9.699999809265137,16.70000076293945,23.70000076293945,10.30000019073486,10.34999942799769
557,1947-06-16,41.9952,122.8224,58.29999923706055,11.19999980926514,0.0,4.300000190734863,78.80000305175781,15.5,21.10000038146973,26.70000076293945,17.70000076293945,11.55000019099537
558,1947-07-16,41.9952,122.8224,66.80000305175781,9.199999809265137,0.0,3.700000047683716,217.6000061035156,19.60000038146973,24.20000076293945,28.80000114440918,25.0,16.64999961899306
559,1947-08-16,41.9952,122.8224,58.60000228881836,9.90000057220459,0.0,3.5,221.8000030517578,18.70000076293945,23.60000038146973,28.60000038146973,23.60000038146973,14.93999958
560,1947-09-16,41.9952,122.8224,42.5,12.19999980926514,0.0,3.0,85.5,11.60000038146973,17.70000076293945,23.80000114440918,14.90000057220459,8.679999351990741
561,1947-10-16,41.9952,122.8224,35.10000228881836,12.80000019073486,10.01999950399306,2.100000143051147,18.20000076293945,3.0,9.40000057220459,15.80000019073486,7.599999904632568,5.269999980995371
562,1947-11-16,41.9952,122.8224,36.29999923706055,11.40000057220459,27.84000015299768,1.0,15.40000057220459,-7.900000095367432,-2.200000047683716,3.5,3.299999952316284,5.309999942997685
563,1947-12-16,41.9952,122.8224,28.80000114440918,11.80000019073486,31.0,0.6000000238418579,24.30000114440918,-16.60000038146973,-10.69999980926514,-4.800000190734863,1.700000047683716,6.920000075995371
564,1948-01-16,41.9952,122.8224,25.70000076293945,12.10000038146973,31.0,0.4000000059604645,8.800000190734863,-16.70000076293945,-10.60000038146973,-4.599999904632568,2.100000143051147,4.48999977099537
565,1948-02-15,41.9952,122.8224,30.0,12.60000038146973,28.93999862699074,0.800000011920929,4.099999904632568,-13.0,-6.700000286102295,-0.4000000059604645,2.700000047683716,3.099999905
566,1948-03-16,41.9952,122.8224,36.29999923706055,10.90000057220459,25.680000305,1.700000047683716,10.30000019073486,-4.400000095367432,1.100000023841858,6.599999904632568,4.400000095367432,4.21999979
567,1948-04-16,41.9952,122.8224,48.40000152587891,13.5,5.059999942997685,3.799999952316284,44.70000076293945,5.099999904632568,11.80000019073486,18.60000038146973,7.200000286102295,7.23999977099537
568,1948-05-16,41.9952,122.8224,53.5,12.80000019073486,0.0,4.599999904632568,56.10000228881836,10.19999980926514,16.60000038146973,23.0,10.30000019073486,9.55999946599537
569,1948-06-16,41.9952,122.8224,58.0,12.40000057220459,0.0,4.800000190734863,54.0,16.5,22.70000076293945,28.89999961853027,17.80000114440918,9.75
570,1948-07-16,41.9952,122.8224,67.5,8.600000381469727,0.0,3.799999952316284,169.4000091552734,20.60000038146973,24.89999961853027,29.20000076293945,25.39999961853027,14.38000011399306
571,1948-08-16,41.9952,122.8224,58.5,9.5,0.0,3.700000047683716,135.6000061035156,19.89999961853027,24.60000038146973,29.39999961853027,24.60000038146973,11.48999977099537
572,1948-09-16,41.9952,122.8224,42.29999923706055,12.10000038146973,0.0,3.100000143051147,70.0999984741211,12.0,18.0,24.10000038146973,15.10000038146973,7.659999846990742
573,1948-10-16,41.9952,122.8224,35.5,12.40000057220459,8.079999923993055,2.200000047683716,35.29999923706055,3.799999952316284,10.0,16.20000076293945,7.5,6.909999846990742
574,1948-11-16,41.9952,122.8224,36.29999923706055,11.0,25.71999931299769,1.100000023841858,14.0,-5.300000190734863,0.2000000029802322,5.700000286102295,4.0,5.179999827997685
575,1948-12-16,41.9952,122.8224,28.80000114440918,10.69999980926514,30.17000007599537,0.6000000238418579,24.70000076293945,-10.30000019073486,-4.900000095367432,0.5,3.0,6.85999965699074
576,1949-01-16,41.9952,122.8224,26.20000076293945,12.10000038146973,31.0,0.6000000238418579,7.400000095367432,-14.80000019073486,-8.699999809265137,-2.700000047683716,2.200000047683716,4.159999846990741
577,1949-02-15,41.9952,122.8224,30.0,12.30000019073486,27.680000305,0.9000000357627869,6.599999904632568,-11.60000038146973,-5.400000095367432,0.800000011920929,2.900000095367432,3.849999905
578,1949-03-16,41.9952,122.8224,36.29999923706055,12.19999980926514,27.40999984699074,1.800000071525574,11.69999980926514,-6.200000286102295,-0.1000000014901161,6.0,3.5,4.409999846990741
579,1949-04-16,41.9952,122.8224,49.10000228881836,13.19999980926514,9.93999958,3.5,32.79999923706055,2.900000095367432,9.5,16.10000038146973,6.300000190734863,6.38999986599537
580,1949-05-16,41.9952,122.8224,53.40000152587891,13.0,0.0,4.700000286102295,61.0,11.10000038146973,17.60000038146973,24.10000038146973,11.30000019073486,9.85999965699074
581,1949-06-16,41.9952,122.8224,58.0,12.40000057220459,0.0,4.599999904632568,65.30000305175781,16.10000038146973,22.30000114440918,28.5,18.30000114440918,10.42999935199074
582,1949-07-16,41.9952,122.8224,66.30000305175781,8.600000381469727,0.0,4.0,328.0,20.80000114440918,25.10000038146973,29.39999961853027,24.70000076293945,19.79999923699074
583,1949-08-16,41.9952,122.8224,58.90000152587891,8.800000190734863,0.0,3.5,137.1999969482422,19.89999961853027,24.30000114440918,28.70000076293945,24.89999961853027,11.90999984699074
584,1949-09-16,41.9952,122.8224,42.70000076293945,12.5,0.0,3.0,46.0,11.90000057220459,18.10000038146973,24.39999961853027,15.80000019073486,6.309999942997685
585,1949-10-16,41.9952,122.8224,33.70000076293945,13.10000038146973,6.059999942997685,2.100000143051147,42.70000076293945,4.700000286102295,11.19999980926514,17.80000114440918,9.100000381469727,8.11999988599537
586,1949-11-16,41.9952,122.8224,36.29999923706055,10.60000038146973,24.64999961899306,1.0,21.5,-4.200000286102295,1.100000023841858,6.400000095367432,4.800000190734863,6.409999846990742
587,1949-12-16,41.9952,122.8224,28.80000114440918,10.60000038146973,30.98999977099537,0.5,7.900000095367432,-13.69999980926514,-8.40000057220459,-3.100000143051147,2.400000095367432,4.360000133993056
588,1950-01-16,41.9952,122.8224,25.5,12.40000057220459,31.0,0.5,17.10000038146973,-16.0,-9.800000190734863,-3.600000143051147,2.299999952316284,6.569999695000001
589,1950-02-15,41.9952,122.8224,30.0,12.19999980926514,27.90999984699074,0.9000000357627869,5.700000286102295,-12.69999980926514,-6.599999904632568,-0.5,2.600000143051147,3.889999865995371
590,1950-03-16,41.9952,122.8224,36.29999923706055,12.30000019073486,25.680000305,1.899999976158142,5.800000190734863,-4.400000095367432,1.800000071525574,8.0,4.200000286102295,2.839999913993056
591,1950-04-16,41.9952,122.8224,48.90000152587891,13.0,5.859999656990741,3.400000095367432,38.79999923706055,4.700000286102295,11.19999980926514,17.70000076293945,8.199999809265137,6.799999713993055
592,1950-05-16,41.9952,122.8224,53.29999923706055,12.30000019073486,0.0,4.300000190734863,87.5999984741211,11.0,17.10000038146973,23.30000114440918,12.10000038146973,11.80000019099537
593,1950-06-16,41.9952,122.8224,57.70000076293945,11.60000038146973,0.0,4.400000095367432,84.70000457763672,15.90000057220459,21.70000076293945,27.5,18.5,11.80000019099537
594,1950-07-16,41.9952,122.8224,65.80000305175781,9.300000190734863,0.0,4.099999904632568,213.9000091552734,21.39999961853027,26.0,30.70000076293945,26.60000038146973,16.36999893199074
595,1950-08-16,41.9952,122.8224,58.20000076293945,10.60000038146973,0.0,3.799999952316284,152.9000091552734,20.10000038146973,25.39999961853027,30.70000076293945,25.5,12.52999973299768
596,1950-09-16,41.9952,122.8224,42.10000228881836,13.80000019073486,0.0,3.200000047683716,33.70000076293945,10.69999980926514,17.60000038146973,24.5,14.0,5.36999988599537
597,1950-10-16,41.9952,122.8224,32.10000228881836,13.60000038146973,9.519999503993056,2.100000143051147,16.60000038146973,3.200000047683716,10.0,16.80000114440918,8.300000190734863,5.230000018993056
598,1950-11-16,41.9952,122.8224,36.29999923706055,12.0,27.34000015299768,1.0,12.19999980926514,-7.200000286102295,-1.200000047683716,4.800000190734863,3.799999952316284,5.029999732997685
599,1950-12-16,41.9952,122.8224,28.80000114440918,12.19999980926514,31.0,0.5,2.600000143051147,-14.60000038146973,-8.5,-2.400000095367432,2.299999952316284,2.450000047997685
600,1951-01-16,41.9952,122.8224,0.0,12.80000019073486,31.0,0.4000000059604645,1.5,-18.5,-12.10000038146973,-5.700000286102295,1.899999976158142,1.860000013993056
601,1951-02-15,41.9952,122.8224,34.79999923706055,12.10000038146973,28.0,0.800000011920929,17.60000038146973,-13.90000057220459,-7.800000190734863,-1.800000071525574,2.400000095367432,6.309999942997685
602,1951-03-16,41.9952,122.8224,26.30000114440918,12.19999980926514,27.84000015299768,1.700000047683716,10.0,-6.700000286102295,-0.6000000238418579,5.5,3.600000143051147,4.079999923993055
603,1951-04-16,41.9952,122.8224,43.20000076293945,12.90000057220459,10.67999935199074,3.5,25.5,2.600000143051147,9.0,15.5,6.0,5.650000095
604,1951-05-16,41.9952,122.8224,55.90000152587891,13.69999980926514,0.0,4.700000286102295,23.0,11.0,17.80000114440918,24.70000076293945,11.40000057220459,6.319999694988426
605,1951-06-16,41.9952,122.8224,53.70000076293945,11.40000057220459,0.0,4.599999904632568,127.5,16.0,21.70000076293945,27.39999961853027,17.70000076293945,14.11999988599537
606,1951-07-16,41.9952,122.8224,62.10000228881836,10.19999980926514,0.0,4.200000286102295,185.4000091552734,20.20000076293945,25.30000114440918,30.39999961853027,24.70000076293945,15.33999919899305
607,1951-08-16,41.9952,122.8224,57.70000076293945,9.300000190734863,0.0,3.700000047683716,157.6999969482422,20.20000076293945,24.80000114440918,29.5,25.20000076293945,12.819999695
608,1951-09-16,41.9952,122.8224,40.70000076293945,13.19999980926514,0.0,3.100000143051147,84.80000305175781,10.0,16.60000038146973,23.20000076293945,13.40000057220459,8.340000152997685
609,1951-10-16,41.9952,122.8224,34.5,12.0,5.230000018993056,2.0,42.10000228881836,5.099999904632568,11.10000038146973,17.10000038146973,9.300000190734863,8.179999351990741
610,1951-11-16,41.9952,122.8224,20.0,11.19999980926514,24.53999900799769,1.0,27.89999961853027,-4.099999904632568,1.5,7.099999904632568,5.0,7.449999808993055
611,1951-12-16,41.9952,122.8224,28.80000114440918,11.30000019073486,29.82999992399306,0.699999988079071,7.700000286102295,-9.600000381469727,-3.900000095367432,1.800000071525574,3.200000047683716,4.25
612,1952-01-16,41.9952,122.8224,0.0,12.40000057220459,31.0,0.6000000238418579,7.0,-15.60000038146973,-9.40000057220459,-3.200000047683716,2.100000143051147,4.039999961990741
613,1952-02-15,41.9952,122.8224,12.40000057220459,12.80000019073486,29.0,0.800000011920929,4.700000286102295,-16.70000076293945,-10.30000019073486,-3.900000095367432,1.800000071525574,3.49000001
614,1952-03-16,41.9952,122.8224,31.30000114440918,11.40000057220459,26.28999900799769,1.899999976158142,13.69999980926514,-5.0,0.699999988079071,6.400000095367432,3.700000047683716,4.940000056990741
615,1952-04-16,41.9952,122.8224,48.79999923706055,12.10000038146973,7.589999675995371,3.299999952316284,51.5,3.900000095367432,9.90000057220459,16.0,7.200000286102295,7.710000037997685
616,1952-05-16,41.9952,122.8224,54.29999923706055,13.69999980926514,0.0,4.900000095367432,35.90000152587891,11.10000038146973,17.89999961853027,24.80000114440918,10.90000057220459,7.819999695000001
617,1952-06-16,41.9952,122.8224,54.0,12.0,0.0,5.0,33.90000152587891,16.80000114440918,22.80000114440918,28.80000114440918,17.5,7.76999998099537
618,1952-07-16,41.9952,122.8224,65.9000015258789,9.199999809265137,0.0,4.099999904632568,149.6000061035156,21.20000076293945,25.80000114440918,30.39999961853027,25.80000114440918,14.009999275
619,1952-08-16,41.9952,122.8224,55.10000228881836,10.30000019073486,0.0,3.700000047683716,44.70000076293945,18.80000114440918,23.89999961853027,29.10000038146973,23.39999961853027,7.0
620,1952-09-16,41.9952,122.8224,45.70000076293945,12.30000019073486,0.0,3.0,84.9000015258789,11.69999980926514,17.80000114440918,24.0,14.90000057220459,8.689999579988427
621,1952-10-16,41.9952,122.8224,32.0,12.69999980926514,6.929999827997685,2.200000047683716,42.70000076293945,4.300000190734863,10.60000038146973,17.0,8.300000190734863,7.960000037997685
622,1952-11-16,41.9952,122.8224,20.0,11.30000019073486,26.26999855,1.0,6.200000286102295,-5.900000095367432,-0.2000000029802322,5.5,4.300000190734863,3.77999997099537
623,1952-12-16,41.9952,122.8224,28.80000114440918,11.80000019073486,31.0,0.5,0.5,-16.20000076293945,-10.30000019073486,-4.400000095367432,1.899999976158142,0.7199999689930556
624,1953-01-16,41.9952,122.8224,0.0,12.10000038146973,31.0,0.4000000059604645,5.300000190734863,-19.0,-12.90000057220459,-6.900000095367432,1.600000023841858,3.869999885995371
625,1953-02-15,41.9952,122.8224,9.90000057220459,12.69999980926514,28.0,0.9000000357627869,0.5,-14.60000038146973,-8.199999809265137,-1.899999976158142,2.100000143051147,0.8999999759953703
626,1953-03-16,41.9952,122.8224,33.79999923706055,11.69999980926514,25.03999900799769,2.100000143051147,7.599999904632568,-3.799999952316284,2.100000143051147,8.0,3.900000095367432,3.579999923993055
627,1953-04-16,41.9952,122.8224,38.20000076293945,13.80000019073486,10.92999935199074,3.700000047683716,16.10000038146973,2.5,9.40000057220459,16.30000114440918,5.800000190734863,4.48999977099537
628,1953-05-16,41.9952,122.8224,60.29999923706055,11.69999980926514,0.0,4.0,81.9000015258789,10.30000019073486,16.10000038146973,22.0,11.40000057220459,11.19999980899306
629,1953-06-16,41.9952,122.8224,60.90000152587891,10.19999980926514,0.0,4.099999904632568,103.5999984741211,16.60000038146973,21.70000076293945,26.80000114440918,19.20000076293945,12.98999977099537
630,1953-07-16,41.9952,122.8224,68.5,8.5,0.0,3.799999952316284,262.7000122070312,21.39999961853027,25.60000038146973,29.89999961853027,26.60000038146973,18.0
631,1953-08-16,41.9952,122.8224,58.90000152587891,9.199999809265137,0.0,3.5,275.1000061035156,18.89999961853027,23.5,28.10000038146973,23.20000076293945,16.38999939
632,1953-09-16,41.9952,122.8224,32.20000076293945,13.40000057220459,0.0,3.400000095367432,34.40000152587891,11.19999980926514,17.89999961853027,24.60000038146973,13.90000057220459,5.710000037997686
633,1953-10-16,41.9952,122.8224,34.0,12.30000019073486,3.559999942997685,2.200000047683716,25.39999961853027,6.0,12.10000038146973,18.30000114440918,9.600000381469727,6.440000056990741
634,1953-11-16,41.9952,122.8224,20.0,10.30000019073486,26.26999855,0.9000000357627869,11.69999980926514,-5.900000095367432,-0.699999988079071,4.5,4.099999904632568,4.730000018993056
635,1953-12-16,41.9952,122.8224,28.80000114440918,11.30000019073486,30.76000022899306,0.699999988079071,6.200000286102295,-12.0,-6.300000190734863,-0.699999988079071,2.400000095367432,3.819999932997685
636,1954-01-16,41.9952,122.8224,2.200000047683716,10.90000057220459,31.0,0.6000000238418579,2.200000047683716,-15.0,-9.5,-4.099999904632568,2.0,2.61999988599537
637,1954-02-15,41.9952,122.8224,24.89999961853027,11.5,27.72999954199074,1.0,13.40000057220459,-11.80000019073486,-6.0,-0.300000011920929,2.299999952316284,5.5
638,1954-03-16,41.9952,122.8224,20.10000038146973,12.19999980926514,27.76000022899306,2.0,19.30000114440918,-6.599999904632568,-0.5,5.599999904632568,3.0,5.659999846990741
639,1954-04-16,41.9952,122.8224,50.70000076293945,12.5,8.510000228993055,3.5,35.5,3.5,9.699999809265137,16.0,6.099999904632568,6.5
640,1954-05-16,41.9952,122.8224,61.40000152587891,12.5,0.07999999799768519,4.300000190734863,46.90000152587891,9.40000057220459,15.60000038146973,21.89999961853027,9.600000381469727,8.760000228993055
641,1954-06-16,41.9952,122.8224,66.9000015258789,9.5,0.0,3.799999952316284,109.4000015258789,15.60000038146973,20.30000114440918,25.10000038146973,18.0,13.35999965699074
642,1954-07-16,41.9952,122.8224,70.70000457763672,8.600000381469727,0.0,3.5,172.4000091552734,18.5,22.80000114440918,27.10000038146973,22.5,14.63999938998843
643,1954-08-16,41.9952,122.8224,70.5,8.100000381469727,0.0,3.200000047683716,191.5,20.10000038146973,24.10000038146973,28.20000076293945,24.5,13.93999958
644,1954-09-16,41.9952,122.8224,46.20000076293945,11.30000019073486,0.0,3.0,89.5,12.19999980926514,17.80000114440918,23.5,14.5,8.85999965699074
645,1954-10-16,41.9952,122.8224,37.79999923706055,11.30000019073486,7.839999675995371,2.0,64.4000015258789,3.900000095367432,9.5,15.19999980926514,8.0,9.80999946599537
646,1954-11-16,41.9952,122.8224,17.5,11.60000038146973,23.13999939,1.300000071525574,17.80000114440918,-2.799999952316284,3.0,8.800000190734863,4.900000095367432,6.019999980995371
647,1954-12-16,41.9952,122.8224,28.80000114440918,10.30000019073486,31.0,0.5,3.799999952316284,-15.90000057220459,-10.69999980926514,-5.599999904632568,1.700000047683716,2.769999980995371
648,1955-01-16,41.9952,122.8224,0.0,11.80000019073486,31.0,0.6000000238418579,2.600000143051147,-17.0,-11.10000038146973,-5.200000286102295,1.600000023841858,2.50999999
649,1955-02-15,41.9952,122.8224,19.89999961853027,12.19999980926514,27.93999862699074,1.0,0.800000011920929,-13.0,-6.900000095367432,-0.800000011920929,2.200000047683716,0.9499999879976853
650,1955-03-16,41.9952,122.8224,35.10000228881836,10.69999980926514,27.5,1.700000047683716,7.800000190734863,-6.300000190734863,-0.9000000357627869,4.5,3.200000047683716,3.559999942997685
651,1955-04-16,41.9952,122.8224,45.29999923706055,13.0,11.67999935199074,3.400000095367432,8.90000057220459,2.200000047683716,8.699999809265137,15.19999980926514,5.800000190734863,3.369999885995371
652,1955-05-16,41.9952,122.8224,61.70000076293945,12.30000019073486,0.0,4.200000286102295,62.5,10.19999980926514,16.30000114440918,22.5,10.80000019073486,10.02999973299769
653,1955-06-16,41.9952,122.8224,54.0,11.90000057220459,0.0,4.900000095367432,84.5999984741211,16.70000076293945,22.60000038146973,28.60000038146973,17.70000076293945,11.71999931299768
654,1955-07-16,41.9952,122.8224,67.9000015258789,7.900000095367432,0.0,3.799999952316284,220.4000091552734,21.20000076293945,25.10000038146973,29.10000038146973,25.39999961853027,16.76000022899306
655,1955-08-16,41.9952,122.8224,49.90000152587891,10.5,0.0,4.099999904632568,51.79999923706055,20.10000038146973,25.30000114440918,30.60000038146973,24.70000076293945,7.599999905
656,1955-09-16,41.9952,122.8224,51.70000076293945,10.80000019073486,0.0,2.900000095367432,119.5,13.60000038146973,19.0,24.39999961853027,16.60000038146973,10.11999988599537
657,1955-10-16,41.9952,122.8224,35.90000152587891,11.90000057220459,8.30999946599537,2.100000143051147,35.20000076293945,3.700000047683716,9.600000381469727,15.60000038146973,7.5,7.409999846990742
658,1955-11-16,41.9952,122.8224,21.30000114440918,11.0,24.75,1.100000023841858,18.10000038146973,-4.300000190734863,1.200000047683716,6.700000286102295,4.400000095367432,6.0
659,1955-12-16,41.9952,122.8224,28.80000114440918,11.30000019073486,29.92999839799769,0.800000011920929,10.69999980926514,-9.800000190734863,-4.099999904632568,1.600000023841858,2.900000095367432,5.21999979
660,1956-01-16,41.9952,122.8224,0.0,11.5,31.0,0.5,7.800000190734863,-17.30000114440918,-11.5,-5.800000190734863,1.600000023841858,4.710000037997686
661,1956-02-15,41.9952,122.8224,14.90000057220459,11.80000019073486,29.0,0.9000000357627869,18.89999961853027,-14.69999980926514,-8.800000190734863,-2.900000095367432,1.899999976158142,6.659999846990742
662,1956-03-16,41.9952,122.8224,37.60000228881836,10.10000038146973,27.22999954199074,1.600000023841858,5.400000095367432,-6.0,-0.9000000357627869,4.200000286102295,3.5,3.079999923993055
663,1956-04-16,41.9952,122.8224,50.10000228881836,13.5,12.43999958,3.5,22.39999961853027,1.899999976158142,8.600000381469727,15.40000057220459,5.300000190734863,5.279999732997685
664,1956-05-16,41.9952,122.8224,58.20000076293945,11.5,0.0,4.5,55.90000152587891,10.69999980926514,16.39999961853027,22.20000076293945,9.90000057220459,9.48999977099537
665,1956-06-16,41.9952,122.8224,64.5,9.300000190734863,0.0,3.900000095367432,122.5,16.30000114440918,20.89999961853027,25.60000038146973,18.60000038146973,14.07999992399306
666,1956-07-16,41.9952,122.8224,68.4000015258789,8.600000381469727,0.0,3.700000047683716,150.3000030517578,20.30000114440918,24.60000038146973,28.89999961853027,25.10000038146973,13.96999931299768
667,1956-08-16,41.9952,122.8224,54.0,10.10000038146973,0.0,3.799999952316284,134.5,19.0,24.0,29.10000038146973,23.39999961853027,11.92000007599537
668,1956-09-16,41.9952,122.8224,41.70000076293945,11.5,0.0,3.200000047683716,119.9000015258789,13.10000038146973,18.80000114440918,24.60000038146973,15.69999980926514,10.07999992399306
669,1956-10-16,41.9952,122.8224,37.79999923706055,11.60000038146973,6.48999977099537,2.100000143051147,85.4000015258789,4.5,10.30000019073486,16.10000038146973,8.199999809265137,11.17000007599537
670,1956-11-16,41.9952,122.8224,16.30000114440918,10.60000038146973,27.69999885599537,1.0,14.69999980926514,-7.700000286102295,-2.400000095367432,2.900000095367432,3.299999952316284,5.480000018993056
671,1956-12-16,41.9952,122.8224,28.80000114440918,12.0,31.0,0.5,16.20000076293945,-17.80000114440918,-11.80000019073486,-5.800000190734863,1.700000047683716,6.21999979
672,1957-01-16,41.9952,122.8224,0.0,12.90000057220459,31.0,0.5,11.30000019073486,-17.80000114440918,-11.30000019073486,-4.900000095367432,1.800000071525574,5.409999846990741
673,1957-02-15,41.9952,122.8224,11.10000038146973,11.69999980926514,28.0,0.699999988079071,2.900000095367432,-17.10000038146973,-11.19999980926514,-5.400000095367432,1.700000047683716,2.75999999
674,1957-03-16,41.9952,122.8224,27.60000038146973,10.19999980926514,29.48999977099537,1.300000071525574,23.0,-9.0,-3.900000095367432,1.200000047683716,3.100000143051147,6.059999942997685
675,1957-04-16,41.9952,122.8224,45.20000076293945,12.5,9.220000266990741,3.200000047683716,31.10000038146973,3.200000047683716,9.40000057220459,15.69999980926514,7.200000286102295,6.170000075995371
676,1957-05-16,41.9952,122.8224,55.0,13.69999980926514,0.0,4.800000190734863,24.20000076293945,10.40000057220459,17.20000076293945,24.10000038146973,10.10000038146973,6.170000075995371
677,1957-06-16,41.9952,122.8224,53.10000228881836,12.69999980926514,0.0,4.700000286102295,45.0,15.10000038146973,21.39999961853027,27.80000114440918,17.20000076293945,8.199999808993056
678,1957-07-16,41.9952,122.8224,69.5,8.800000190734863,0.0,3.600000143051147,170.8000030517578,19.0,23.39999961853027,27.80000114440918,23.20000076293945,14.46000003799769
679,1957-08-16,41.9952,122.8224,67.0,8.600000381469727,0.0,3.200000047683716,202.5,18.70000076293945,23.0,27.30000114440918,23.0,14.29999923699074
680,1957-09-16,41.9952,122.8224,38.60000228881836,12.5,0.0,3.200000047683716,57.20000076293945,10.0,16.20000076293945,22.5,12.30000019073486,7.25
681,1957-10-16,41.9952,122.8224,36.20000076293945,12.10000038146973,8.079999923993055,2.200000047683716,18.60000038146973,3.799999952316284,9.800000190734863,15.90000057220459,7.5,5.449999808993056
682,1957-11-16,41.9952,122.8224,28.80000114440918,10.40000057220459,22.45999908399305,1.200000047683716,21.39999961853027,-2.200000047683716,3.0,8.199999809265137,5.0,6.420000075995371
683,1957-12-16,41.9952,122.8224,7.200000286102295,11.5,30.90999984699074,0.6000000238418579,22.60000038146973,-12.80000019073486,-7.0,-1.300000071525574,2.400000095367432,7.21999979
684,1958-01-16,41.9952,122.8224,7.200000286102295,11.40000057220459,31.0,0.5,13.0,-17.80000114440918,-12.10000038146973,-6.400000095367432,1.600000023841858,6.35999965699074
685,1958-02-15,41.9952,122.8224,16.10000038146973,11.60000038146973,27.98999977099537,0.9000000357627869,7.099999904632568,-13.5,-7.700000286102295,-1.899999976158142,2.100000143051147,4.289999961990741
686,1958-03-16,41.9952,122.8224,36.29999923706055,10.5,26.95999908399306,1.800000071525574,4.099999904632568,-5.700000286102295,-0.4000000059604645,4.900000095367432,3.299999952316284,3.0
687,1958-04-16,41.9952,122.8224,44.40000152587891,12.69999980926514,10.18999958,3.5,47.20000076293945,2.799999952316284,9.100000381469727,15.5,6.0,7.48999977099537
688,1958-05-16,41.9952,122.8224,57.10000228881836,12.40000057220459,0.0,4.5,30.20000076293945,10.30000019073486,16.5,22.70000076293945,10.0,8.130000113993056
689,1958-06-16,41.9952,122.8224,56.70000076293945,11.30000019073486,0.0,4.900000095367432,52.90000152587891,16.80000114440918,22.39999961853027,28.10000038146973,16.60000038146973,9.97999954199074
690,1958-07-16,41.9952,122.8224,60.60000228881836,9.90000057220459,0.0,4.5,101.4000015258789,21.30000114440918,26.20000076293945,31.20000076293945,25.10000038146973,9.649999618993055
691,1958-08-16,41.9952,122.8224,60.5,9.90000057220459,0.0,3.600000143051147,111.9000015258789,18.30000114440918,23.20000076293945,28.20000076293945,21.80000114440918,10.63999938998843
692,1958-09-16,41.9952,122.8224,43.0,11.19999980926514,0.0,3.0,67.4000015258789,12.5,18.10000038146973,23.70000076293945,15.19999980926514,8.130000113993056
693,1958-10-16,41.9952,122.8224,36.5,12.19999980926514,10.01999950399306,2.0,18.70000076293945,3.0,9.100000381469727,15.19999980926514,7.700000286102295,5.50999975199074
694,1958-11-16,41.9952,122.8224,36.29999923706055,12.0,25.34000015299768,1.300000071525574,3.299999952316284,-4.900000095367432,1.100000023841858,7.099999904632568,3.799999952316284,1.789999961990741
695,1958-12-16,41.9952,122.8224,3.5,11.10000038146973,29.65999984699074,0.6000000238418579,3.5,-9.300000190734863,-3.700000047683716,1.899999976158142,3.299999952316284,2.569999932997685
696,1959-01-16,41.9952,122.8224,0.0,13.30000019073486,31.0,0.6000000238418579,7.300000190734863,-17.80000114440918,-11.10000038146973,-4.5,1.600000023841858,4.230000018993056
697,1959-02-15,41.9952,122.8224,26.10000038146973,12.0,27.02999877899306,1.200000047683716,0.6000000238418579,-9.800000190734863,-3.799999952316284,2.200000047683716,2.600000143051147,0.5899999739930556
698,1959-03-16,41.9952,122.8224,40.10000228881836,11.19999980926514,22.48999977099537,2.200000047683716,24.60000038146973,-1.800000071525574,3.799999952316284,9.40000057220459,4.400000095367432,6.25
699,1959-04-16,41.9952,122.8224,47.0,12.30000019073486,8.269999503993056,3.5,46.0,3.600000143051147,9.699999809265137,15.90000057220459,6.400000095367432,8.079999923993055
700,1959-05-16,41.9952,122.8224,49.79999923706055,13.30000019073486,0.0,5.200000286102295,17.20000076293945,11.5,18.10000038146973,24.80000114440918,10.10000038146973,4.799999713993055
701,1959-06-16,41.9952,122.8224,62.40000152587891,10.80000019073486,0.0,4.300000190734863,76.5999984741211,15.90000057220459,21.30000114440918,26.70000076293945,17.60000038146973,11.13999939
702,1959-07-16,41.9952,122.8224,66.20000457763672,8.600000381469727,0.0,3.900000095367432,209.9000091552734,20.39999961853027,24.70000076293945,29.0,24.20000076293945,16.60999870299769
703,1959-08-16,41.9952,122.8224,69.0,8.699999809265137,0.0,3.400000095367432,226.0,20.30000114440918,24.60000038146973,29.0,24.89999961853027,15.72999954199074
704,1959-09-16,41.9952,122.8224,49.40000152587891,11.19999980926514,0.0,3.0,107.0,13.0,18.60000038146973,24.20000076293945,15.80000019073486,9.5
705,1959-10-16,41.9952,122.8224,38.60000228881836,11.5,3.730000018993055,2.100000143051147,40.70000076293945,5.900000095367432,11.60000038146973,17.39999961853027,9.5,8.849999427997686
706,1959-11-16,41.9952,122.8224,26.30000114440918,11.40000057220459,26.69999885599537,1.0,39.5,-6.400000095367432,-0.699999988079071,5.0,3.900000095367432,8.569999695
707,1959-12-16,41.9952,122.8224,8.5,9.699999809265137,30.61999893199074,0.6000000238418579,4.599999904632568,-11.5,-6.599999904632568,-1.800000071525574,2.400000095367432,2.27999997099537
708,1960-01-16,41.9952,122.8224,0.0,10.69999980926514,31.0,0.5,2.400000095367432,-16.70000076293945,-11.30000019073486,-6.0,1.700000047683716,2.27999997099537
709,1960-02-15,41.9952,122.8224,13.60000038146973,11.40000057220459,27.63999938998843,1.300000071525574,2.100000143051147,-9.100000381469727,-3.400000095367432,2.299999952316284,2.600000143051147,1.659999966990741
710,1960-03-16,41.9952,122.8224,35.10000228881836,10.5,25.03999900799769,2.0,8.90000057220459,-3.799999952316284,1.5,6.800000190734863,3.799999952316284,3.74000001
711,1960-04-16,41.9952,122.8224,44.0,13.0,11.42999935199074,3.5,21.10000038146973,2.299999952316284,8.800000190734863,15.30000019073486,5.700000286102295,5.839999675995371
712,1960-05-16,41.9952,122.8224,61.40000152587891,12.5,0.05999999899305555,4.300000190734863,31.10000038146973,9.5,15.69999980926514,22.0,9.90000057220459,7.099999905
713,1960-06-16,41.9952,122.8224,64.5,9.300000190734863,0.0,4.0,86.9000015258789,16.60000038146973,21.20000076293945,25.89999961853027,18.30000114440918,12.42999935199074
714,1960-07-16,41.9952,122.8224,73.0,7.800000190734863,0.0,3.600000143051147,152.1000061035156,21.0,24.89999961853027,28.80000114440918,25.30000114440918,13.55999946599537
715,1960-08-16,41.9952,122.8224,70.20000457763672,8.199999809265137,0.0,3.299999952316284,268.8999938964844,19.80000114440918,23.89999961853027,28.0,23.80000114440918,15.17999935199074
716,1960-09-16,41.9952,122.8224,45.60000228881836,10.60000038146973,0.0,3.100000143051147,107.5999984741211,13.5,18.80000114440918,24.10000038146973,15.5,10.68999957998843
717,1960-10-16,41.9952,122.8224,32.40000152587891,12.60000038146973,7.379999637997686,2.100000143051147,12.90000057220459,4.099999904632568,10.40000057220459,16.70000076293945,8.40000057220459,4.880000113993056
718,1960-11-16,41.9952,122.8224,13.80000019073486,11.69999980926514,25.819999695,1.100000023841858,8.699999809265137,-5.400000095367432,0.5,6.400000095367432,4.099999904632568,2.649999856990741
719,1960-12-16,41.9952,122.8224,28.80000114440918,11.19999980926514,31.0,0.6000000238418579,1.800000071525574,-14.90000057220459,-9.300000190734863,-3.700000047683716,1.800000071525574,1.949999927997685
720,1961-01-16,41.9952,122.8224,0.0,12.40000057220459,31.0,0.6000000238418579,0.9000000357627869,-17.39999961853027,-11.19999980926514,-5.0,1.600000023841858,1.839999913993055
721,1961-02-15,41.9952,122.8224,13.60000038146973,12.90000057220459,27.85999870299769,1.100000023841858,0.4000000059604645,-12.40000057220459,-5.900000095367432,0.6000000238418579,2.400000095367432,0.7099999789930556
722,1961-03-16,41.9952,122.8224,25.10000038146973,11.80000019073486,25.03999900799769,2.100000143051147,6.800000190734863,-3.799999952316284,2.100000143051147,8.0,4.0,4.00999975199074
723,1961-04-16,41.9952,122.8224,45.70000076293945,13.0,7.589999675995371,3.700000047683716,15.69999980926514,3.900000095367432,10.40000057220459,16.89999961853027,6.400000095367432,3.889999865995371
724,1961-05-16,41.9952,122.8224,58.70000076293945,12.40000057220459,0.0,4.5,31.20000076293945,10.60000038146973,16.80000114440918,23.0,10.30000019073486,6.819999695000001
725,1961-06-16,41.9952,122.8224,57.20000076293945,11.60000038146973,0.0,4.700000286102295,49.40000152587891,16.80000114440918,22.60000038146973,28.39999961853027,18.10000038146973,8.590000152997685
726,1961-07-16,41.9952,122.8224,66.30000305175781,8.800000190734863,0.0,4.0,202.1999969482422,21.60000038146973,26.0,30.39999961853027,26.39999961853027,16.180000305
727,1961-08-16,41.9952,122.8224,62.90000152587891,9.5,0.0,3.700000047683716,109.3000030517578,20.10000038146973,24.80000114440918,29.60000038146973,24.20000076293945,10.76999950399306
728,1961-09-16,41.9952,122.8224,46.20000076293945,11.40000057220459,0.0,3.100000143051147,96.20000457763672,12.69999980926514,18.39999961853027,24.10000038146973,15.10000038146973,9.679999351990741
729,1961-10-16,41.9952,122.8224,34.10000228881836,12.69999980926514,7.60999965699074,2.200000047683716,17.70000076293945,4.0,10.30000019073486,16.70000076293945,7.800000190734863,5.099999905
730,1961-11-16,41.9952,122.8224,26.30000114440918,10.69999980926514,22.68999862699074,1.100000023841858,23.30000114440918,-2.400000095367432,3.0,8.40000057220459,5.400000095367432,6.710000037997685
731,1961-12-16,41.9952,122.8224,28.80000114440918,9.90000057220459,30.77999877899306,0.6000000238418579,5.0,-12.10000038146973,-7.099999904632568,-2.200000047683716,2.299999952316284,4.139999865995371
732,1962-01-16,41.9952,122.8224,0.0,12.10000038146973,31.0,0.6000000238418579,0.699999988079071,-15.69999980926514,-9.600000381469727,-3.600000143051147,1.899999976158142,1.090000032997685
733,1962-02-15,41.9952,122.8224,16.10000038146973,12.19999980926514,27.84000015299768,1.0,24.30000114440918,-12.30000019073486,-6.200000286102295,-0.1000000014901161,2.5,7.01999998099537
734,1962-03-16,41.9952,122.8224,20.10000038146973,10.80000019073486,26.680000305,2.0,1.600000023841858,-5.400000095367432,0.0,5.400000095367432,3.100000143051147,1.339999913993055
735,1962-04-16,41.9952,122.8224,43.5,12.69999980926514,10.92999935199074,3.400000095367432,51.90000152587891,2.5,8.800000190734863,15.19999980926514,5.900000095367432,7.440000056990741
736,1962-05-16,41.9952,122.8224,52.0,13.10000038146973,0.0,4.800000190734863,59.70000076293945,10.80000019073486,17.30000114440918,23.89999961853027,10.5,9.35999965699074
737,1962-06-16,41.9952,122.8224,52.90000152587891,11.80000019073486,0.0,4.800000190734863,78.20000457763672,15.80000019073486,21.70000076293945,27.60000038146973,16.5,12.01999950399306
738,1962-07-16,41.9952,122.8224,70.4000015258789,8.199999809265137,0.0,3.799999952316284,236.8000030517578,21.10000038146973,25.20000076293945,29.30000114440918,25.5,17.35999870299769
739,1962-08-16,41.9952,122.8224,61.40000152587891,9.0,0.0,3.5,141.8000030517578,19.30000114440918,23.80000114440918,28.30000114440918,23.60000038146973,11.569999695
740,1962-09-16,41.9952,122.8224,45.90000152587891,11.5,0.0,3.0,38.70000076293945,12.19999980926514,17.89999961853027,23.70000076293945,15.0,6.629999637997686
741,1962-10-16,41.9952,122.8224,32.20000076293945,12.90000057220459,9.769999503993056,2.100000143051147,2.700000047683716,3.100000143051147,9.5,16.0,7.5,1.819999932997685
742,1962-11-16,41.9952,122.8224,22.5,11.5,26.93999862699074,1.100000023841858,2.900000095367432,-6.700000286102295,-0.9000000357627869,4.900000095367432,3.600000143051147,2.149999856990741
743,1962-12-16,41.9952,122.8224,28.80000114440918,12.30000019073486,30.59000015299768,0.800000011920929,2.600000143051147,-11.40000057220459,-5.200000286102295,1.0,2.600000143051147,1.699999927997685
744,1963-01-16,41.9952,122.8224,3.400000095367432,11.40000057220459,31.0,0.5,1.200000047683716,-19.39999961853027,-13.69999980926514,-8.0,1.300000071525574,1.709999918993055
745,1963-02-15,41.9952,122.8224,9.90000057220459,13.69999980926514,28.0,1.100000023841858,1.600000023841858,-14.10000038146973,-7.200000286102295,-0.4000000059604645,1.899999976158142,1.189999937997685
746,1963-03-16,41.9952,122.8224,23.80000114440918,13.90000057220459,25.98999977099537,2.400000095367432,1.800000071525574,-4.700000286102295,2.299999952316284,9.300000190734863,3.400000095367432,1.409999966990741
747,1963-04-16,41.9952,122.8224,49.79999923706055,12.19999980926514,8.73999977099537,3.5,17.80000114440918,3.400000095367432,9.5,15.60000038146973,6.0,4.569999695
748,1963-05-16,41.9952,122.8224,58.90000152587891,13.5,0.0,4.5,48.0,10.10000038146973,16.80000114440918,23.60000038146973,10.80000019073486,8.529999732997686
749,1963-06-16,41.9952,122.8224,56.29999923706055,11.60000038146973,0.0,4.800000190734863,62.20000076293945,16.5,22.30000114440918,28.10000038146973,17.5,10.19999980899306
750,1963-07-16,41.9952,122.8224,71.0999984741211,8.5,0.0,3.600000143051147,258.7000122070312,20.39999961853027,24.60000038146973,28.89999961853027,25.39999961853027,17.94999885599537
751,1963-08-16,41.9952,122.8224,61.70000076293945,9.300000190734863,0.0,3.5,60.29999923706055,19.89999961853027,24.5,29.20000076293945,25.5,8.30999946599537
752,1963-09-16,41.9952,122.8224,47.29999923706055,11.80000019073486,0.0,3.100000143051147,64.0,12.0,17.89999961853027,23.80000114440918,14.5,8.039999961990741
753,1963-10-16,41.9952,122.8224,36.29999923706055,12.19999980926514,9.279999732997686,2.0,66.30000305175781,3.299999952316284,9.40000057220459,15.5,7.800000190734863,10.11999988599537
754,1963-11-16,41.9952,122.8224,21.30000114440918,10.69999980926514,25.34000015299768,1.0,18.0,-4.900000095367432,0.5,5.900000095367432,4.599999904632568,6.349999905
755,1963-12-16,41.9952,122.8224,6.0,11.5,30.61999893199074,0.699999988079071,2.0,-11.5,-5.700000286102295,0.1000000014901161,2.600000143051147,1.480000018993056
756,1964-01-16,41.9952,122.8224,7.200000286102295,11.19999980926514,31.0,0.6000000238418579,19.39999961853027,-14.40000057220459,-8.800000190734863,-3.200000047683716,2.200000047683716,6.529999732997685
757,1964-02-15,41.9952,122.8224,16.10000038146973,11.69999980926514,29.0,0.800000011920929,1.300000071525574,-17.10000038146973,-11.19999980926514,-5.400000095367432,1.600000023841858,2.230000018993056
758,1964-03-16,41.9952,122.8224,31.30000114440918,10.0,25.680000305,1.899999976158142,24.39999961853027,-4.400000095367432,0.6000000238418579,5.599999904632568,3.600000143051147,6.26999998099537
759,1964-04-16,41.9952,122.8224,56.5,10.80000019073486,6.710000037997685,2.900000095367432,70.70000457763672,4.300000190734863,9.699999809265137,15.10000038146973,7.700000286102295,9.170000075995372
760,1964-05-16,41.9952,122.8224,56.29999923706055,12.60000038146973,0.0,4.800000190734863,27.70000076293945,12.19999980926514,18.5,24.80000114440918,11.5,6.21999979
761,1964-06-16,41.9952,122.8224,59.10000228881836,10.69999980926514,0.0,4.400000095367432,84.9000015258789,16.10000038146973,21.39999961853027,26.80000114440918,17.70000076293945,11.82999992399306
762,1964-07-16,41.9952,122.8224,72.80000305175781,8.300000190734863,0.0,3.700000047683716,270.7000122070312,20.30000114440918,24.39999961853027,28.60000038146973,24.20000076293945,17.72999954199074
763,1964-08-16,41.9952,122.8224,70.30000305175781,7.700000286102295,0.0,3.200000047683716,263.6000061035156,20.20000076293945,24.0,27.89999961853027,24.39999961853027,15.68999957998843
764,1964-09-16,41.9952,122.8224,44.90000152587891,11.60000038146973,0.0,3.0,60.5,11.30000019073486,17.10000038146973,22.89999961853027,14.0,7.46999979
765,1964-10-16,41.9952,122.8224,39.60000228881836,11.10000038146973,7.379999637997686,1.899999976158142,39.40000152587891,4.099999904632568,9.600000381469727,15.19999980926514,8.100000381469727,8.260000228993055
766,1964-11-16,41.9952,122.8224,12.5,10.19999980926514,24.85000038099537,1.0,3.600000143051147,-4.400000095367432,0.699999988079071,5.800000190734863,4.5,2.75
767,1964-12-16,41.9952,122.8224,28.80000114440918,11.80000019073486,30.90999984699074,0.6000000238418579,5.599999904632568,-12.80000019073486,-6.900000095367432,-1.0,2.400000095367432,2.889999865995371
768,1965-01-16,41.9952,122.8224,7.200000286102295,12.40000057220459,31.0,0.5,10.69999980926514,-17.30000114440918,-11.10000038146973,-4.900000095367432,1.899999976158142,5.349999905
769,1965-02-15,41.9952,122.8224,14.90000057220459,11.19999980926514,27.98999977099537,0.800000011920929,3.600000143051147,-13.60000038146973,-8.0,-2.400000095367432,2.200000047683716,2.319999932997685
770,1965-03-16,41.9952,122.8224,20.10000038146973,11.19999980926514,26.95999908399306,2.0,2.100000143051147,-5.700000286102295,-0.1000000014901161,5.5,3.0,1.350000023993055
771,1965-04-16,41.9952,122.8224,38.90000152587891,13.0,13.72999954199074,3.5,6.400000095367432,1.399999976158142,7.900000095367432,14.40000057220459,5.099999904632568,2.86999988599537
772,1965-05-16,41.9952,122.8224,56.20000076293945,13.5,0.0,4.800000190734863,38.60000228881836,10.40000057220459,17.10000038146973,23.89999961853027,9.800000190734863,7.63999986599537
773,1965-06-16,41.9952,122.8224,49.5,12.19999980926514,0.0,5.300000190734863,37.5,16.70000076293945,22.80000114440918,28.89999961853027,16.0,9.179999351990741
774,1965-07-16,41.9952,122.8224,66.9000015258789,9.600000381469727,0.0,3.900000095367432,70.0999984741211,19.80000114440918,24.60000038146973,29.39999961853027,24.0,9.920000075995372
775,1965-08-16,41.9952,122.8224,65.5,8.100000381469727,0.0,3.299999952316284,190.3000030517578,18.89999961853027,22.89999961853027,27.0,22.39999961853027,14.59999942799768
776,1965-09-16,41.9952,122.8224,38.0,12.60000038146973,0.0,3.400000095367432,40.90000152587891,12.10000038146973,18.39999961853027,24.70000076293945,14.0,6.170000075995371
777,1965-10-16,41.9952,122.8224,35.0,12.69999980926514,5.429999827997685,2.200000047683716,32.60000228881836,5.0,11.30000019073486,17.70000076293945,8.600000381469727,7.539999961990741
778,1965-11-16,41.9952,122.8224,28.80000114440918,11.19999980926514,25.25,1.100000023841858,8.699999809265137,-4.800000190734863,0.800000011920929,6.400000095367432,4.200000286102295,3.849999905
779,1965-12-16,41.9952,122.8224,28.80000114440918,11.69999980926514,31.0,0.699999988079071,3.0,-14.69999980926514,-8.800000190734863,-3.0,1.800000071525574,2.62999987599537
780,1966-01-16,41.9952,122.8224,0.0,13.10000038146973,31.0,0.6000000238418579,11.60000038146973,-17.60000038146973,-11.0,-4.5,1.600000023841858,5.98999977099537
781,1966-02-15,41.9952,122.8224,13.60000038146973,11.90000057220459,27.62999916099537,1.100000023841858,1.5,-11.40000057220459,-5.400000095367432,0.6000000238418579,2.400000095367432,1.049999951990741
782,1966-03-16,41.9952,122.8224,35.10000228881836,10.90000057220459,26.38999939,1.899999976158142,10.0,-5.099999904632568,0.4000000059604645,5.900000095367432,3.5,3.699999808993056
783,1966-04-16,41.9952,122.8224,52.10000228881836,11.80000019073486,10.42999935199074,3.200000047683716,34.40000152587891,2.700000047683716,8.600000381469727,14.5,6.0,6.159999846990742
784,1966-05-16,41.9952,122.8224,52.29999923706055,13.0,0.0,5.099999904632568,30.30000114440918,11.40000057220459,17.89999961853027,24.39999961853027,9.800000190734863,6.85999965699074
785,1966-06-16,41.9952,122.8224,64.70000457763672,9.5,0.0,4.099999904632568,115.3000030517578,16.5,21.20000076293945,26.0,17.60000038146973,12.77999973299768
786,1966-07-16,41.9952,122.8224,71.0,8.199999809265137,0.0,3.700000047683716,188.1999969482422,20.20000076293945,24.30000114440918,28.39999961853027,23.89999961853027,15.21999931299768
787,1966-08-16,41.9952,122.8224,71.70000457763672,8.0,0.0,3.299999952316284,179.1000061035156,20.5,24.5,28.5,24.70000076293945,15.89999961899306
788,1966-09-16,41.9952,122.8224,38.60000228881836,13.19999980926514,0.0,3.200000047683716,6.900000095367432,10.10000038146973,16.70000076293945,23.30000114440918,12.60000038146973,2.460000037997685
789,1966-10-16,41.9952,122.8224,37.70000076293945,12.0,4.839999675995371,2.100000143051147,29.70000076293945,5.300000190734863,11.30000019073486,17.30000114440918,8.90000057220459,7.76999998099537
790,1966-11-16,41.9952,122.8224,16.30000114440918,11.10000038146973,24.94999885599537,1.200000047683716,9.90000057220459,-4.5,1.100000023841858,6.700000286102295,4.200000286102295,3.379999875995371
791,1966-12-16,41.9952,122.8224,2.200000047683716,11.10000038146973,31.0,0.6000000238418579,5.0,-15.69999980926514,-10.10000038146973,-4.599999904632568,1.700000047683716,3.50999999
792,1967-01-16,41.9952,122.8224,0.0,12.60000038146973,31.0,0.699999988079071,2.799999952316284,-16.30000114440918,-10.0,-3.700000047683716,1.600000023841858,1.829999923993056
793,1967-02-15,41.9952,122.8224,4.900000095367432,13.0,28.0,1.100000023841858,5.099999904632568,-13.90000057220459,-7.400000095367432,-0.9000000357627869,1.800000071525574,2.609999895
794,1967-03-16,41.9952,122.8224,21.30000114440918,11.80000019073486,25.03999900799769,2.200000047683716,12.0,-3.799999952316284,2.100000143051147,8.0,3.700000047683716,3.769999980995371
795,1967-04-16,41.9952,122.8224,46.90000152587891,12.5,7.589999675995371,3.400000095367432,56.5,3.900000095367432,10.10000038146973,16.39999961853027,7.099999904632568,7.779999732997685
796,1967-05-16,41.9952,122.8224,53.5,12.30000019073486,0.0,4.900000095367432,46.29999923706055,12.90000057220459,19.0,25.20000076293945,12.10000038146973,7.539999961990741
797,1967-06-16,41.9952,122.8224,61.90000152587891,9.5,0.0,4.200000286102295,120.8000030517578,16.60000038146973,21.30000114440918,26.10000038146973,17.70000076293945,14.29999923699074
798,1967-07-16,41.9952,122.8224,67.20000457763672,8.300000190734863,0.0,4.0,149.8000030517578,21.20000076293945,25.30000114440918,29.5,25.10000038146973,13.59000015299769
799,1967-08-16,41.9952,122.8224,61.10000228881836,8.90000057220459,0.0,3.799999952316284,102.0999984741211,21.10000038146973,25.5,30.0,24.89999961853027,9.969999312997684
800,1967-09-16,41.9952,122.8224,46.29999923706055,12.0,0.0,3.200000047683716,35.70000076293945,11.5,17.5,23.5,13.10000038146973,5.210000037997686
801,1967-10-16,41.9952,122.8224,29.0,13.30000019073486,6.26999998099537,2.400000095367432,5.599999904632568,4.599999904632568,11.19999980926514,17.89999961853027,7.900000095367432,3.559999942997685
802,1967-11-16,41.9952,122.8224,21.30000114440918,11.0,26.52999877899306,1.100000023841858,16.60000038146973,-6.200000286102295,-0.699999988079071,4.800000190734863,3.600000143051147,6.63999986599537
803,1967-12-16,41.9952,122.8224,28.80000114440918,11.30000019073486,31.0,0.5,1.300000071525574,-17.39999961853027,-11.69999980926514,-6.099999904632568,1.5,1.939999937997685
804,1968-01-16,41.9952,122.8224,0.0,12.30000019073486,31.0,0.6000000238418579,1.800000071525574,-17.60000038146973,-11.40000057220459,-5.300000190734863,1.600000023841858,1.799999951990741
805,1968-02-15,41.9952,122.8224,21.10000038146973,12.19999980926514,29.0,0.9000000357627869,7.800000190734863,-16.60000038146973,-10.5,-4.400000095367432,1.5,4.829999923993055
806,1968-03-16,41.9952,122.8224,25.10000038146973,11.5,25.25,2.100000143051147,15.80000019073486,-4.0,1.800000071525574,7.599999904632568,3.900000095367432,4.440000056990741
807,1968-04-16,41.9952,122.8224,43.29999923706055,13.40000057220459,6.069999695000001,4.0,33.70000076293945,4.599999904632568,11.30000019073486,18.0,6.200000286102295,6.569999695000001
808,1968-05-16,41.9952,122.8224,57.10000228881836,12.30000019073486,0.0,4.400000095367432,46.60000228881836,10.60000038146973,16.70000076293945,22.89999961853027,10.80000019073486,8.649999618993055
809,1968-06-16,41.9952,122.8224,55.90000152587891,10.69999980926514,0.0,4.599999904632568,103.9000015258789,16.10000038146973,21.39999961853027,26.80000114440918,16.60000038146973,11.569999695
810,1968-07-16,41.9952,122.8224,66.0999984741211,8.40000057220459,0.0,4.0,62.20000076293945,21.20000076293945,25.39999961853027,29.60000038146973,24.80000114440918,9.38999939
811,1968-08-16,41.9952,122.8224,54.60000228881836,10.60000038146973,0.0,3.900000095367432,103.7000045776367,18.20000076293945,23.5,28.80000114440918,21.39999961853027,10.55999946599537
812,1968-09-16,41.9952,122.8224,43.29999923706055,11.80000019073486,0.0,3.200000047683716,74.4000015258789,12.0,17.89999961853027,23.80000114440918,14.10000038146973,9.090000152997685
813,1968-10-16,41.9952,122.8224,35.90000152587891,12.0,9.519999503993056,2.100000143051147,27.89999961853027,3.200000047683716,9.199999809265137,15.19999980926514,7.400000095367432,6.279999732997685
814,1968-11-16,41.9952,122.8224,32.5,10.10000038146973,24.12999916099537,0.9000000357627869,13.5,-3.700000047683716,1.399999976158142,6.5,5.099999904632568,5.789999961990741
815,1968-12-16,41.9952,122.8224,7.200000286102295,10.19999980926514,29.87999916099537,0.699999988079071,7.300000190734863,-9.699999809265137,-4.599999904632568,0.5,2.900000095367432,4.400000095
816,1969-01-16,41.9952,122.8224,5.900000095367432,10.30000019073486,31.0,0.5,3.700000047683716,-17.0,-11.80000019073486,-6.700000286102295,1.5,2.899999856990741
817,1969-02-15,41.9952,122.8224,16.10000038146973,11.60000038146973,28.0,0.9000000357627869,1.100000023841858,-16.0,-10.19999980926514,-4.400000095367432,1.600000023841858,1.730000018993056
818,1969-03-16,41.9952,122.8224,20.10000038146973,12.0,28.09000015299768,1.899999976158142,8.100000381469727,-7.0,-1.0,5.0,3.100000143051147,3.109999895
819,1969-04-16,41.9952,122.8224,50.90000152587891,11.69999980926514,10.18999958,3.200000047683716,48.0,2.799999952316284,8.600000381469727,14.5,6.0,7.940000056990741
820,1969-05-16,41.9952,122.8224,57.90000152587891,12.19999980926514,0.02,4.300000190734863,68.0,9.699999809265137,15.80000019073486,21.89999961853027,10.19999980926514,10.40999984699074
821,1969-06-16,41.9952,122.8224,57.20000076293945,11.60000038146973,0.0,4.5,50.29999923706055,14.69999980926514,20.5,26.30000114440918,15.60000038146973,9.590000152997685
822,1969-07-16,41.9952,122.8224,71.0,8.800000190734863,0.0,3.799999952316284,174.1999969482422,20.10000038146973,24.5,28.89999961853027,23.70000076293945,14.21000003799769
823,1969-08-16,41.9952,122.8224,61.20000076293945,9.0,0.0,3.5,269.1000061035156,19.0,23.5,28.0,22.70000076293945,17.53999900799769
824,1969-09-16,41.9952,122.8224,48.60000228881836,11.30000019073486,0.0,3.100000143051147,100.2000045776367,12.0,17.60000038146973,23.30000114440918,13.80000019073486,9.029999732997686
825,1969-10-16,41.9952,122.8224,39.0,11.30000019073486,6.26999998099537,2.100000143051147,25.60000038146973,4.599999904632568,10.19999980926514,15.90000057220459,8.0,6.35999965699074
826,1969-11-16,41.9952,122.8224,10.0,11.40000057220459,27.01999855,1.100000023841858,14.5,-6.800000190734863,-1.100000023841858,4.599999904632568,3.299999952316284,5.690000056990741
827,1969-12-16,41.9952,122.8224,28.80000114440918,10.40000057220459,31.0,0.6000000238418579,2.5,-14.69999980926514,-9.5,-4.300000190734863,1.800000071525574,2.829999923993055
828,1970-01-16,41.9952,122.8224,0.0,12.19999980926514,31.0,0.5,2.100000143051147,-19.0,-12.90000057220459,-6.800000190734863,1.5,2.039999961990741
829,1970-02-15,41.9952,122.8224,19.89999961853027,11.40000057220459,27.88999939,1.0,4.900000095367432,-12.60000038146973,-6.900000095367432,-1.200000047683716,2.200000047683716,4.00999975199074
830,1970-03-16,41.9952,122.8224,10.10000038146973,11.90000057220459,29.65999984699074,1.700000047683716,3.299999952316284,-9.300000190734863,-3.299999952316284,2.700000047683716,2.700000047683716,2.349999905
831,1970-04-16,41.9952,122.8224,42.10000228881836,13.0,8.039999961990741,3.799999952316284,17.70000076293945,3.700000047683716,10.19999980926514,16.70000076293945,6.0,4.639999865995371
832,1970-05-16,41.9952,122.8224,54.79999923706055,12.5,0.0,4.700000286102295,66.0,11.80000019073486,18.0,24.30000114440918,11.5,10.94999980899306
833,1970-06-16,41.9952,122.8224,61.10000228881836,10.90000057220459,0.0,4.599999904632568,47.90000152587891,16.5,21.89999961853027,27.39999961853027,17.0,8.43999958
834,1970-07-16,41.9952,122.8224,72.5999984741211,7.700000286102295,0.0,3.400000095367432,234.0,20.0,23.80000114440918,27.70000076293945,24.60000038146973,16.22999954199074
835,1970-08-16,41.9952,122.8224,56.60000228881836,9.100000381469727,0.0,3.700000047683716,94.4000015258789,19.60000038146973,24.10000038146973,28.70000076293945,23.30000114440918,9.849999427997686
836,1970-09-16,41.9952,122.8224,45.29999923706055,11.80000019073486,0.0,3.200000047683716,108.2000045776367,12.10000038146973,18.0,23.89999961853027,13.90000057220459,8.800000190995371
837,1970-10-16,41.9952,122.8224,34.5,11.80000019073486,5.849999905,2.200000047683716,58.29999923706055,4.800000190734863,10.69999980926514,16.60000038146973,7.900000095367432,10.01000022899306
838,1970-11-16,41.9952,122.8224,20.0,10.19999980926514,24.34000015299768,1.200000047683716,10.0,-3.900000095367432,1.200000047683716,6.300000190734863,4.0,3.25999999
839,1970-12-16,41.9952,122.8224,28.80000114440918,11.60000038146973,30.97999954199074,0.699999988079071,14.60000038146973,-13.40000057220459,-7.599999904632568,-1.800000071525574,2.100000143051147,5.559999942997685
840,1971-01-16,41.9952,122.8224,0.0,11.19999980926514,31.0,0.5,3.299999952316284,-15.80000019073486,-10.19999980926514,-4.599999904632568,2.0,3.470000028993055
841,1971-02-15,41.9952,122.8224,33.60000228881836,11.10000038146973,27.95999908399306,0.9000000357627869,14.69999980926514,-13.19999980926514,-7.599999904632568,-2.100000143051147,2.200000047683716,6.589999675995371
842,1971-03-16,41.9952,122.8224,20.30000114440918,10.19999980926514,27.40999984699074,1.700000047683716,13.80000019073486,-6.200000286102295,-1.100000023841858,4.0,3.400000095367432,4.400000095
843,1971-04-16,41.9952,122.8224,35.10000228881836,13.10000038146973,8.97999954199074,4.0,10.19999980926514,3.299999952316284,9.800000190734863,16.39999961853027,5.300000190734863,4.00999975199074
844,1971-05-16,41.9952,122.8224,56.70000076293945,11.40000057220459,0.0,4.300000190734863,75.5,11.0,16.70000076293945,22.39999961853027,11.10000038146973,11.67999935199074
845,1971-06-16,41.9952,122.8224,60.79999923706055,9.699999809265137,0.0,4.300000190734863,104.0,17.39999961853027,22.20000076293945,27.10000038146973,19.20000076293945,12.759999275
846,1971-07-16,41.9952,122.8224,71.20000457763672,7.900000095367432,0.0,3.600000143051147,126.0,20.5,24.39999961853027,28.39999961853027,24.70000076293945,14.25
847,1971-08-16,41.9952,122.8224,56.40000152587891,9.699999809265137,0.0,3.600000143051147,133.6999969482422,18.20000076293945,23.0,27.89999961853027,21.89999961853027,9.519999503993056
848,1971-09-16,41.9952,122.8224,55.60000228881836,10.90000057220459,0.0,2.900000095367432,92.4000015258789,12.19999980926514,17.60000038146973,23.10000038146973,14.40000057220459,9.069999695
849,1971-10-16,41.9952,122.8224,34.40000152587891,13.0,8.550000190995371,2.200000047683716,35.70000076293945,3.600000143051147,10.10000038146973,16.60000038146973,7.800000190734863,7.009999751990741
850,1971-11-16,41.9952,122.8224,16.30000114440918,11.19999980926514,22.79999923699074,1.200000047683716,11.5,-2.5,3.100000143051147,8.699999809265137,5.200000286102295,4.779999732997685
851,1971-12-16,41.9952,122.8224,4.900000095367432,10.19999980926514,30.84000015299768,0.699999988079071,3.700000047683716,-12.40000057220459,-7.300000190734863,-2.200000047683716,2.100000143051147,2.74000001
852,1972-01-16,41.9952,122.8224,6.200000286102295,10.90000057220459,31.0,0.6000000238418579,11.90000057220459,-13.90000057220459,-8.40000057220459,-3.0,2.200000047683716,5.799999713993055
853,1972-02-15,41.9952,122.8224,18.80000114440918,11.5,29.0,0.9000000357627869,5.300000190734863,-14.19999980926514,-8.40000057220459,-2.700000047683716,2.0,3.720000028993055
854,1972-03-16,41.9952,122.8224,36.29999923706055,10.40000057220459,24.14999961899306,2.0,4.700000286102295,-3.0,2.200000047683716,7.400000095367432,3.900000095367432,3.659999846990741
855,1972-04-16,41.9952,122.8224,39.79999923706055,12.60000038146973,8.269999503993056,3.700000047683716,19.10000038146973,3.600000143051147,9.90000057220459,16.20000076293945,5.900000095367432,4.25999975199074
856,1972-05-16,41.9952,122.8224,56.29999923706055,12.40000057220459,0.01,4.599999904632568,57.5,9.800000190734863,16.0,22.20000076293945,8.90000057220459,9.550000190995371
857,1972-06-16,41.9952,122.8224,49.70000076293945,11.30000019073486,0.0,5.099999904632568,53.20000076293945,16.39999961853027,22.0,27.70000076293945,15.60000038146973,10.21000003799768
858,1972-07-16,41.9952,122.8224,63.29999923706055,10.10000038146973,0.0,4.5,42.60000228881836,20.5,25.5,30.60000038146973,22.30000114440918,9.05999946599537
859,1972-08-16,41.9952,122.8224,55.90000152587891,10.0,0.0,3.700000047683716,114.8000030517578,17.10000038146973,22.10000038146973,27.10000038146973,19.70000076293945,11.71999931299768
860,1972-09-16,41.9952,122.8224,46.70000076293945,10.90000057220459,0.0,3.0,63.90000152587891,11.10000038146973,16.5,22.0,13.0,7.48999977099537
861,1972-10-16,41.9952,122.8224,34.90000152587891,11.5,7.839999675995371,1.899999976158142,112.5999984741211,3.900000095367432,9.600000381469727,15.40000057220459,8.199999809265137,12.23999977099537
862,1972-11-16,41.9952,122.8224,34.0,9.800000190734863,25.819999695,0.800000011920929,15.69999980926514,-5.400000095367432,-0.5,4.400000095367432,4.400000095367432,6.129999637997686
863,1972-12-16,41.9952,122.8224,28.70000076293945,10.90000057220459,30.76000022899306,0.6000000238418579,0.2000000029802322,-12.0,-6.5,-1.100000023841858,2.5,0.5899999739930556
864,1973-01-16,41.9952,122.8224,0.0,11.10000038146973,30.95999908399306,0.699999988079071,5.200000286102295,-13.19999980926514,-7.599999904632568,-2.100000143051147,2.200000047683716,3.64999985699074
865,1973-02-15,41.9952,122.8224,22.5,11.19999980926514,27.46999931299769,1.100000023841858,7.900000095367432,-10.90000057220459,-5.300000190734863,0.300000011920929,2.400000095367432,4.319999694988426
866,1973-03-16,41.9952,122.8224,33.79999923706055,9.600000381469727,25.03999900799769,1.800000071525574,17.0,-3.799999952316284,1.0,5.800000190734863,3.900000095367432,5.059999942997685
867,1973-04-16,41.9952,122.8224,43.20000076293945,12.19999980926514,6.710000037997685,3.600000143051147,39.5,4.300000190734863,10.40000057220459,16.5,6.700000286102295,6.529999732997685
868,1973-05-16,41.9952,122.8224,59.10000228881836,11.90000057220459,0.0,4.400000095367432,49.60000228881836,10.40000057220459,16.30000114440918,22.30000114440918,10.19999980926514,8.639999389988425
869,1973-06-16,41.9952,122.8224,63.79999923706055,9.600000381469727,0.0,4.200000286102295,70.5,16.89999961853027,21.70000076293945,26.5,18.39999961853027,11.759999275
870,1973-07-16,41.9952,122.8224,69.0999984741211,7.800000190734863,0.0,4.0,221.3000030517578,22.30000114440918,26.20000076293945,30.10000038146973,26.20000076293945,16.48999977099537
871,1973-08-16,41.9952,122.8224,66.5999984741211,8.40000057220459,0.0,3.600000143051147,195.0,20.20000076293945,24.39999961853027,28.60000038146973,22.5,12.78999996199074
872,1973-09-16,41.9952,122.8224,45.5,11.90000057220459,0.0,3.200000047683716,67.0999984741211,12.30000019073486,18.20000076293945,24.20000076293945,14.60000038146973,7.789999961990741
873,1973-10-16,41.9952,122.8224,37.79999923706055,11.60000038146973,9.519999503993056,2.0,25.0,3.200000047683716,9.0,14.80000019073486,7.200000286102295,6.899999618993055
874,1973-11-16,41.9952,122.8224,15.19999980926514,10.60000038146973,25.25,1.100000023841858,22.5,-4.800000190734863,0.5,5.800000190734863,4.099999904632568,6.88999986599537
875,1973-12-16,41.9952,122.8224,28.60000038146973,11.80000019073486,30.97999954199074,0.800000011920929,0.2000000029802322,-13.5,-7.599999904632568,-1.700000047683716,1.899999976158142,0.7799999709953703
876,1974-01-16,41.9952,122.8224,0.0,12.60000038146973,31.0,0.699999988079071,0.300000011920929,-15.80000019073486,-9.5,-3.200000047683716,1.800000071525574,0.7699999809953704
877,1974-02-15,41.9952,122.8224,25.0,12.40000057220459,28.0,1.0,4.200000286102295,-14.0,-7.800000190734863,-1.600000023841858,2.0,2.919999837997685
878,1974-03-16,41.9952,122.8224,32.70000076293945,11.5,26.57999992399306,2.0,3.799999952316284,-5.300000190734863,0.5,6.300000190734863,3.200000047683716,3.079999923993055
879,1974-04-16,41.9952,122.8224,47.20000076293945,12.60000038146973,10.18999958,3.5,55.0,2.799999952316284,9.100000381469727,15.40000057220459,5.900000095367432,7.789999961990741
880,1974-05-16,41.9952,122.8224,64.4000015258789,12.40000057220459,0.0,4.599999904632568,56.0,10.60000038146973,16.80000114440918,23.0,9.40000057220459,8.47999954199074
881,1974-06-16,41.9952,122.8224,57.70000076293945,10.69999980926514,0.0,4.5,44.29999923706055,15.30000019073486,20.60000038146973,26.0,15.5,8.55999946599537
882,1974-07-16,41.9952,122.8224,65.4000015258789,9.0,0.0,3.900000095367432,114.3000030517578,20.39999961853027,24.89999961853027,29.39999961853027,24.80000114440918,13.42000007599537
883,1974-08-16,41.9952,122.8224,54.40000152587891,9.699999809265137,0.0,3.799999952316284,212.6999969482422,19.0,23.80000114440918,28.70000076293945,22.70000076293945,13.19999980899306
884,1974-09-16,41.9952,122.8224,50.79999923706055,10.60000038146973,0.0,3.0,118.8000030517578,13.0,18.30000114440918,23.60000038146973,15.19999980926514,10.22999954199074
885,1974-10-16,41.9952,122.8224,35.90000152587891,11.19999980926514,10.52999973299769,1.800000071525574,78.0,2.799999952316284,8.40000057220459,14.0,7.5,10.30000019099537
886,1974-11-16,41.9952,122.8224,17.39999961853027,10.69999980926514,25.71999931299769,1.200000047683716,4.0,-5.300000190734863,0.1000000014901161,5.5,3.700000047683716,1.9799999
887,1974-12-16,41.9952,122.8224,28.60000038146973,10.5,30.95999908399306,0.800000011920929,1.200000047683716,-13.19999980926514,-7.900000095367432,-2.700000047683716,1.700000047683716,0.8100000019907407
888,1975-01-16,41.9952,122.8224,7.200000286102295,12.60000038146973,31.0,0.699999988079071,4.800000190734863,-15.19999980926514,-8.90000057220459,-2.600000143051147,1.800000071525574,3.409999846990741
889,1975-02-15,41.9952,122.8224,17.5,12.10000038146973,27.930000305,1.200000047683716,4.599999904632568,-12.90000057220459,-6.800000190734863,-0.800000011920929,1.700000047683716,3.480000018993055
890,1975-03-16,41.9952,122.8224,29.10000038146973,11.80000019073486,25.03999900799769,2.200000047683716,4.5,-3.799999952316284,2.100000143051147,8.0,3.5,2.74000001
891,1975-04-16,41.9952,122.8224,48.10000228881836,12.69999980926514,3.609999895,3.900000095367432,33.0,5.900000095367432,12.19999980926514,18.60000038146973,7.200000286102295,6.089999675995371
892,1975-05-16,41.9952,122.8224,64.0,12.30000019073486,0.0,4.5,51.5,11.40000057220459,17.5,23.70000076293945,10.80000019073486,8.30999946599537
893,1975-06-16,41.9952,122.8224,56.0,9.699999809265137,0.0,4.5,74.70000457763672,17.80000114440918,22.60000038146973,27.5,19.39999961853027,12.14999961899306
894,1975-07-16,41.9952,122.8224,72.9000015258789,8.0,0.0,3.700000047683716,343.7000122070312,21.0,25.0,29.0,24.80000114440918,20.02999877899305
895,1975-08-16,41.9952,122.8224,56.29999923706055,9.199999809265137,0.0,3.799999952316284,53.5,20.0,24.60000038146973,29.20000076293945,23.39999961853027,7.85999965699074
896,1975-09-16,41.9952,122.8224,42.0,11.80000019073486,0.0,3.5,78.0999984741211,13.80000019073486,19.70000076293945,25.60000038146973,15.10000038146973,7.88999986599537
897,1975-10-16,41.9952,122.8224,34.40000152587891,12.30000019073486,5.849999905,2.200000047683716,18.39999961853027,4.800000190734863,10.90000057220459,17.10000038146973,8.40000057220459,4.150000095
898,1975-11-16,41.9952,122.8224,25.0,10.19999980926514,22.0,1.100000023841858,19.89999961853027,-1.899999976158142,3.200000047683716,8.300000190734863,5.300000190734863,6.48999977099537
899,1975-12-16,41.9952,122.8224,28.80000114440918,10.90000057220459,30.95999908399306,0.699999988079071,9.0,-13.19999980926514,-7.700000286102295,-2.299999952316284,1.899999976158142,2.079999923993055
900,1976-01-16,41.9952,122.8224,26.0,11.60000038146973,31.0,0.6000000238418579,2.0,-15.40000057220459,-9.600000381469727,-3.799999952316284,1.800000071525574,1.629999995
901,1976-02-15,41.9952,122.8224,30.0,11.5,28.13999939,1.200000047683716,2.5,-10.10000038146973,-4.300000190734863,1.5,2.400000095367432,2.720000028993056
902,1976-03-16,41.9952,122.8224,36.29999923706055,11.5,25.98999977099537,2.100000143051147,8.300000190734863,-4.700000286102295,1.100000023841858,6.900000095367432,3.299999952316284,3.909999846990741
903,1976-04-16,41.9952,122.8224,49.29999923706055,12.0,9.93999958,3.299999952316284,41.90000152587891,2.900000095367432,8.90000057220459,14.90000057220459,6.200000286102295,7.289999961990741
904,1976-05-16,41.9952,122.8224,53.60000228881836,12.0,0.0,4.700000286102295,57.40000152587891,10.60000038146973,16.60000038146973,22.60000038146973,9.5,10.28999996199074
905,1976-06-16,41.9952,122.8224,59.70000076293945,9.100000381469727,0.0,4.300000190734863,116.0,16.39999961853027,20.89999961853027,25.5,16.80000114440918,14.80999946599537
906,1976-07-16,41.9952,122.8224,67.0,7.300000190734863,0.0,3.600000143051147,126.0999984741211,19.89999961853027,23.5,27.20000076293945,23.70000076293945,13.84999942799768
907,1976-08-16,41.9952,122.8224,59.0,9.300000190734863,0.0,3.5,84.20000457763672,17.80000114440918,22.39999961853027,27.10000038146973,21.5,10.30000019099537
908,1976-09-16,41.9952,122.8224,42.60000228881836,12.10000038146973,0.0,3.100000143051147,59.20000076293945,11.40000057220459,17.39999961853027,23.5,13.80000019073486,7.980000018993056
909,1976-10-16,41.9952,122.8224,38.60000228881836,11.10000038146973,7.839999675995371,1.899999976158142,57.29999923706055,3.900000095367432,9.40000057220459,15.0,8.199999809265137,9.5
910,1976-11-16,41.9952,122.8224,36.20000076293945,9.100000381469727,27.180000305,0.699999988079071,41.20000076293945,-7.0,-2.400000095367432,2.200000047683716,4.0,9.340000152997685
911,1976-12-16,41.9952,122.8224,28.80000114440918,9.5,30.93999862699074,0.6000000238418579,1.5,-13.0,-8.199999809265137,-3.5,2.100000143051147,1.9799999
912,1977-01-16,41.9952,122.8224,26.0,11.0,31.0,0.4000000059604645,2.299999952316284,-19.89999961853027,-14.40000057220459,-8.90000057220459,1.300000071525574,2.200000047997685
913,1977-02-15,41.9952,122.8224,30.10000038146973,12.90000057220459,28.0,0.9000000357627869,0.0,-14.80000019073486,-8.300000190734863,-1.899999976158142,1.899999976158142,0.129999995
914,1977-03-16,41.9952,122.8224,36.40000152587891,11.30000019073486,24.930000305,2.0,11.30000019073486,-3.700000047683716,2.0,7.700000286102295,4.099999904632568,4.46999979
915,1977-04-16,41.9952,122.8224,48.79999923706055,12.80000019073486,7.589999675995371,3.5,34.60000228881836,3.900000095367432,10.30000019073486,16.70000076293945,6.900000095367432,6.309999942997685
916,1977-05-16,41.9952,122.8224,54.5,11.80000019073486,0.0,4.5,30.39999961853027,11.69999980926514,17.60000038146973,23.5,11.5,8.829999923993055
917,1977-06-16,41.9952,122.8224,58.60000228881836,9.699999809265137,0.0,4.5,74.70000457763672,17.0,21.80000114440918,26.70000076293945,17.70000076293945,12.0
918,1977-07-16,41.9952,122.8224,66.30000305175781,8.699999809265137,0.0,4.099999904632568,244.9000091552734,21.70000076293945,26.0,30.39999961853027,25.60000038146973,17.79999923699074
919,1977-08-16,41.9952,122.8224,58.5,10.10000038146973,0.0,3.700000047683716,90.0,17.89999961853027,22.89999961853027,28.0,20.80000114440918,8.949999808993056
920,1977-09-16,41.9952,122.8224,42.20000076293945,12.5,0.0,3.5,48.0,12.0,18.20000076293945,24.5,13.0,6.199999808993055
921,1977-10-16,41.9952,122.8224,38.10000228881836,11.80000019073486,3.559999942997685,2.200000047683716,74.5,6.0,11.90000057220459,17.80000114440918,9.100000381469727,10.48999977099537
922,1977-11-16,41.9952,122.8224,36.29999923706055,10.0,24.43999862699074,1.0,20.10000038146973,-4.0,1.0,6.0,4.599999904632568,6.920000075995371
923,1977-12-16,41.9952,122.8224,28.70000076293945,10.30000019073486,30.59000015299768,0.5,25.10000038146973,-11.40000057220459,-6.200000286102295,-1.100000023841858,2.900000095367432,8.569999695
924,1978-01-16,41.9952,122.8224,26.10000038146973,10.60000038146973,31.0,0.6000000238418579,2.100000143051147,-15.30000019073486,-10.0,-4.700000286102295,1.899999976158142,1.360000013993055
925,1978-02-15,41.9952,122.8224,29.89999961853027,10.80000019073486,28.0,0.800000011920929,4.5,-14.80000019073486,-9.40000057220459,-4.0,2.0,3.099999905
926,1978-03-16,41.9952,122.8224,36.20000076293945,11.0,25.569999695,1.899999976158142,11.19999980926514,-4.300000190734863,1.200000047683716,6.700000286102295,3.799999952316284,4.409999846990741
927,1978-04-16,41.9952,122.8224,47.90000152587891,12.10000038146973,6.710000037997685,3.799999952316284,27.20000076293945,4.300000190734863,10.30000019073486,16.39999961853027,5.599999904632568,6.230000018993056
928,1978-05-16,41.9952,122.8224,53.5,12.19999980926514,0.0,4.900000095367432,29.70000076293945,11.19999980926514,17.30000114440918,23.39999961853027,9.800000190734863,8.659999846990742
929,1978-06-16,41.9952,122.8224,58.5,10.40000057220459,0.0,4.800000190734863,81.9000015258789,18.10000038146973,23.30000114440918,28.5,18.39999961853027,11.78999996199074
930,1978-07-16,41.9952,122.8224,66.30000305175781,8.800000190734863,0.0,4.200000286102295,96.0,21.60000038146973,26.0,30.39999961853027,24.60000038146973,11.30999946599537
931,1978-08-16,41.9952,122.8224,58.90000152587891,9.0,0.0,3.799999952316284,134.4000091552734,19.60000038146973,24.10000038146973,28.60000038146973,22.5,12.27999973299768
932,1978-09-16,41.9952,122.8224,42.29999923706055,11.80000019073486,0.0,3.299999952316284,74.0,12.69999980926514,18.60000038146973,24.5,14.5,7.730000018993056
933,1978-10-16,41.9952,122.8224,36.90000152587891,11.90000057220459,9.029999732997686,2.299999952316284,39.40000152587891,3.400000095367432,9.300000190734863,15.30000019073486,6.5,7.839999675995371
934,1978-11-16,41.9952,122.8224,36.0,12.10000038146973,24.22999954199074,1.399999976158142,0.800000011920929,-3.799999952316284,2.299999952316284,8.40000057220459,4.200000286102295,0.870000005
935,1978-12-16,41.9952,122.8224,28.60000038146973,11.30000019073486,30.77999877899306,0.6000000238418579,11.19999980926514,-12.10000038146973,-6.400000095367432,-0.800000011920929,2.5,5.449999808993056
936,1979-01-16,41.9952,122.8224,26.10000038146973,10.69999980926514,30.95999908399306,0.699999988079071,3.299999952316284,-13.19999980926514,-7.800000190734863,-2.5,2.100000143051147,2.149999856990741
937,1979-02-15,41.9952,122.8224,30.10000038146973,11.10000038146973,27.64999961899306,1.0,4.900000095367432,-11.5,-5.900000095367432,-0.4000000059604645,2.400000095367432,3.64999985699074
938,1979-03-16,41.9952,122.8224,36.29999923706055,12.0,25.14999961899306,2.200000047683716,3.700000047683716,-3.900000095367432,2.100000143051147,8.100000381469727,3.400000095367432,2.549999951990741
939,1979-04-16,41.9952,122.8224,49.40000152587891,10.80000019073486,10.18999958,3.200000047683716,60.29999923706055,2.799999952316284,8.199999809265137,13.60000038146973,5.599999904632568,7.980000018993056
940,1979-05-16,41.9952,122.8224,53.60000228881836,12.90000057220459,0.0,4.800000190734863,54.29999923706055,11.19999980926514,17.60000038146973,24.10000038146973,10.80000019073486,9.36999988599537
941,1979-06-16,41.9952,122.8224,59.60000228881836,9.600000381469727,0.0,4.5,103.7000045776367,17.39999961853027,22.20000076293945,27.0,17.89999961853027,13.63999938998843
942,1979-07-16,41.9952,122.8224,66.70000457763672,8.0,0.0,3.900000095367432,214.5,20.70000076293945,24.70000076293945,28.70000076293945,24.0,16.67000007599537
943,1979-08-16,41.9952,122.8224,58.60000228881836,9.699999809265137,0.0,3.900000095367432,57.10000228881836,18.89999961853027,23.70000076293945,28.60000038146973,20.5,9.069999695
944,1979-09-16,41.9952,122.8224,42.29999923706055,12.19999980926514,0.0,3.299999952316284,73.70000457763672,11.19999980926514,17.30000114440918,23.39999961853027,12.60000038146973,8.639999389988425
945,1979-10-16,41.9952,122.8224,32.5,13.80000019073486,6.26999998099537,2.5,15.19999980926514,4.599999904632568,11.5,18.39999961853027,7.900000095367432,5.569999695
946,1979-11-16,41.9952,122.8224,36.10000228881836,11.10000038146973,26.34999847399305,1.0,23.30000114440918,-6.0,-0.4000000059604645,5.200000286102295,4.099999904632568,6.449999808993055
947,1979-12-16,41.9952,122.8224,28.60000038146973,9.199999809265137,29.54999923699074,0.5,27.0,-9.100000381469727,-4.5,0.1000000014901161,3.299999952316284,7.85999965699074
948,1980-01-16,41.9952,122.8224,26.20000076293945,10.5,31.0,0.5,4.700000286102295,-16.5,-11.19999980926514,-6.0,1.800000071525574,3.799999951990741
949,1980-02-15,41.9952,122.8224,29.89999961853027,11.0,28.97999954199074,0.800000011920929,7.700000286102295,-13.40000057220459,-7.900000095367432,-2.400000095367432,2.299999952316284,4.309999942997685
950,1980-03-16,41.9952,122.8224,36.20000076293945,10.30000019073486,25.14999961899306,2.200000047683716,4.800000190734863,-3.900000095367432,1.300000071525574,6.5,3.0,3.109999895
951,1980-04-16,41.9952,122.8224,49.40000152587891,10.90000057220459,10.92999935199074,3.400000095367432,14.30000019073486,2.5,7.900000095367432,13.40000057220459,4.800000190734863,4.699999808993056
952,1980-05-16,41.9952,122.8224,53.5,12.60000038146973,0.0,4.800000190734863,32.90000152587891,10.80000019073486,17.10000038146973,23.39999961853027,10.10000038146973,6.449999808993055
953,1980-06-16,41.9952,122.8224,59.20000076293945,9.699999809265137,0.0,4.5,122.0,17.80000114440918,22.60000038146973,27.5,18.80000114440918,12.94999980899306
954,1980-07-16,41.9952,122.8224,66.0999984741211,8.5,0.0,3.799999952316284,83.0999984741211,19.80000114440918,24.0,28.30000114440918,23.39999961853027,11.23999977099537
955,1980-08-16,41.9952,122.8224,58.79999923706055,9.0,0.0,3.600000143051147,95.5,18.5,23.0,27.5,21.80000114440918,10.89999961899306
956,1980-09-16,41.9952,122.8224,42.29999923706055,12.5,0.0,3.299999952316284,42.29999923706055,10.90000057220459,17.10000038146973,23.39999961853027,12.19999980926514,6.420000075995371
957,1980-10-16,41.9952,122.8224,40.20000076293945,10.40000057220459,8.550000190995371,1.800000071525574,55.5,3.600000143051147,8.800000190734863,14.0,7.700000286102295,8.48999977099537
958,1980-11-16,41.9952,122.8224,36.29999923706055,10.19999980926514,21.77000045799769,1.200000047683716,3.900000095367432,-1.800000071525574,3.299999952316284,8.40000057220459,5.300000190734863,2.37999987599537
959,1980-12-16,41.9952,122.8224,28.70000076293945,10.19999980926514,31.0,0.699999988079071,7.800000190734863,-14.60000038146973,-9.5,-4.400000095367432,1.600000023841858,3.89999985699074
960,1981-01-16,41.9952,122.8224,26.0,12.40000057220459,31.0,0.5,3.900000095367432,-18.60000038146973,-12.40000057220459,-6.200000286102295,1.5,3.189999818993056
961,1981-02-15,41.9952,122.8224,30.0,11.10000038146973,27.87999916099537,1.0,6.5,-12.5,-6.900000095367432,-1.399999976158142,2.100000143051147,4.199999808993056
962,1981-03-16,41.9952,122.8224,36.29999923706055,10.90000057220459,24.819999695,1.899999976158142,42.0,-3.600000143051147,1.899999976158142,7.400000095367432,4.300000190734863,8.179999351990741
963,1981-04-16,41.9952,122.8224,48.29999923706055,12.90000057220459,4.309999942997685,4.0,8.90000057220459,5.5,11.90000057220459,18.39999961853027,6.800000190734863,3.679999827997685
964,1981-05-16,41.9952,122.8224,53.70000076293945,11.40000057220459,0.0,4.599999904632568,45.60000228881836,11.10000038146973,16.80000114440918,22.5,10.30000019073486,8.97999954199074
965,1981-06-16,41.9952,122.8224,58.5,11.0,0.0,4.800000190734863,45.79999923706055,16.89999961853027,22.39999961853027,27.89999961853027,16.89999961853027,8.11999988599537
966,1981-07-16,41.9952,122.8224,66.4000015258789,7.5,0.0,4.0,177.9000091552734,22.5,26.20000076293945,30.0,27.0,14.569999695
967,1981-08-16,41.9952,122.8224,58.40000152587891,10.0,0.0,3.799999952316284,94.70000457763672,18.30000114440918,23.30000114440918,28.30000114440918,20.60000038146973,10.27999973299769
968,1981-09-16,41.9952,122.8224,42.29999923706055,11.90000057220459,0.0,3.299999952316284,66.0999984741211,12.0,17.89999961853027,23.89999961853027,13.69999980926514,7.009999751990741
969,1981-10-16,41.9952,122.8224,37.70000076293945,11.69999980926514,8.079999923993055,2.299999952316284,24.30000114440918,3.799999952316284,9.600000381469727,15.5,6.700000286102295,6.949999808993055
970,1981-11-16,41.9952,122.8224,36.10000228881836,10.0,27.55999946599537,1.0,11.10000038146973,-7.5,-2.5,2.5,3.0,5.230000018993056
971,1981-12-16,41.9952,122.8224,28.70000076293945,11.10000038146973,30.59000015299768,0.9000000357627869,0.4000000059604645,-11.40000057220459,-5.800000190734863,-0.300000011920929,2.0,0.6999999879976851
972,1982-01-16,41.9952,122.8224,26.10000038146973,12.10000038146973,31.0,0.6000000238418579,4.700000286102295,-15.90000057220459,-9.800000190734863,-3.799999952316284,1.800000071525574,3.349999905
973,1982-02-15,41.9952,122.8224,29.80000114440918,12.60000038146973,27.46999931299769,1.200000047683716,0.300000011920929,-10.90000057220459,-4.599999904632568,1.700000047683716,2.400000095367432,1.469999908993056
974,1982-03-16,41.9952,122.8224,36.20000076293945,11.40000057220459,24.70999908399306,2.100000143051147,11.10000038146973,-3.5,2.200000047683716,7.900000095367432,3.700000047683716,4.699999808993056
975,1982-04-16,41.9952,122.8224,48.40000152587891,12.80000019073486,5.059999942997685,3.900000095367432,16.80000114440918,5.099999904632568,11.5,17.89999961853027,6.700000286102295,5.329999923993055
976,1982-05-16,41.9952,122.8224,53.70000076293945,11.19999980926514,0.0,4.599999904632568,54.79999923706055,11.90000057220459,17.5,23.10000038146973,10.80000019073486,9.279999732997686
977,1982-06-16,41.9952,122.8224,58.60000228881836,11.69999980926514,0.0,5.200000286102295,34.60000228881836,17.10000038146973,22.89999961853027,28.80000114440918,15.5,7.809999942997685
978,1982-07-16,41.9952,122.8224,65.5999984741211,10.0,0.0,4.5,87.70000457763672,20.39999961853027,25.39999961853027,30.39999961853027,21.39999961853027,10.60999965699074
979,1982-08-16,41.9952,122.8224,58.79999923706055,9.300000190734863,0.0,3.799999952316284,198.4000091552734,20.39999961853027,25.0,29.70000076293945,24.0,12.90999984699074
980,1982-09-16,41.9952,122.8224,42.20000076293945,12.69999980926514,0.0,3.5,13.5,11.69999980926514,18.0,24.39999961853027,12.40000057220459,4.199999808993056
981,1982-10-16,41.9952,122.8224,37.60000228881836,11.80000019073486,4.089999675995371,2.299999952316284,33.79999923706055,5.700000286102295,11.60000038146973,17.5,8.40000057220459,6.909999846990742
982,1982-11-16,41.9952,122.8224,36.10000228881836,10.0,23.36999893199074,1.200000047683716,18.30000114440918,-3.0,2.0,7.0,4.5,5.75999975199074
983,1982-12-16,41.9952,122.8224,28.60000038146973,10.80000019073486,30.64999961899306,0.800000011920929,2.700000047683716,-11.60000038146973,-6.200000286102295,-0.800000011920929,2.200000047683716,2.839999913993056
984,1983-01-16,41.9952,122.8224,26.0,11.80000019073486,31.0,0.699999988079071,1.399999976158142,-13.80000019073486,-7.900000095367432,-2.0,2.0,1.100000023993055
985,1983-02-15,41.9952,122.8224,30.0,11.19999980926514,27.95999908399306,1.0,11.5,-13.10000038146973,-7.5,-1.899999976158142,2.0,5.099999905
986,1983-03-16,41.9952,122.8224,36.20000076293945,11.30000019073486,24.02999877899305,2.299999952316284,9.5,-2.900000095367432,2.799999952316284,8.5,3.600000143051147,4.039999961990741
987,1983-04-16,41.9952,122.8224,48.70000076293945,12.40000057220459,3.949999808993056,3.900000095367432,68.80000305175781,5.700000286102295,11.90000057220459,18.10000038146973,6.700000286102295,8.689999579988427
988,1983-05-16,41.9952,122.8224,54.29999923706055,11.10000038146973,0.0,4.5,43.0,12.30000019073486,17.80000114440918,23.39999961853027,11.90000057220459,8.260000228993055
989,1983-06-16,41.9952,122.8224,57.60000228881836,10.80000019073486,0.0,4.800000190734863,76.0,16.70000076293945,22.10000038146973,27.5,16.20000076293945,10.71000003799768
990,1983-07-16,41.9952,122.8224,66.0999984741211,7.900000095367432,0.0,3.799999952316284,141.8000030517578,20.30000114440918,24.20000076293945,28.20000076293945,23.89999961853027,13.65999984699074
991,1983-08-16,41.9952,122.8224,58.60000228881836,9.600000381469727,0.0,3.799999952316284,106.0999984741211,19.70000076293945,24.5,29.30000114440918,22.89999961853027,10.48999977099537
992,1983-09-16,41.9952,122.8224,42.79999923706055,11.10000038146973,0.0,3.299999952316284,59.79999923706055,14.10000038146973,19.60000038146973,25.20000076293945,16.20000076293945,7.379999637997686
993,1983-10-16,41.9952,122.8224,36.10000228881836,12.30000019073486,8.30999946599537,2.400000095367432,16.30000114440918,3.700000047683716,9.800000190734863,16.0,6.599999904632568,5.21999979
994,1983-11-16,41.9952,122.8224,36.10000228881836,11.30000019073486,24.22999954199074,1.399999976158142,11.40000057220459,-3.799999952316284,1.899999976158142,7.599999904632568,3.900000095367432,4.849999905
995,1983-12-16,41.9952,122.8224,28.70000076293945,10.80000019073486,30.77999877899306,0.800000011920929,0.0,-12.10000038146973,-6.700000286102295,-1.300000071525574,2.0,0.04999999699074074
996,1984-01-16,41.9952,122.8224,26.0,11.40000057220459,31.0,0.699999988079071,0.300000011920929,-17.0,-11.30000019073486,-5.599999904632568,1.300000071525574,0.4899999799999999
997,1984-02-15,41.9952,122.8224,29.89999961853027,11.10000038146973,29.0,1.0,3.100000143051147,-14.10000038146973,-8.5,-3.0,1.600000023841858,2.62999987599537
998,1984-03-16,41.9952,122.8224,36.29999923706055,10.90000057220459,27.67000007599537,1.899999976158142,8.100000381469727,-6.5,-1.0,4.5,2.700000047683716,3.389999865995371
999,1984-04-16,41.9952,122.8224,49.10000228881836,11.60000038146973,7.589999675995371,3.400000095367432,39.40000152587891,3.900000095367432,9.699999809265137,15.5,6.5,6.71999979
1000,1984-05-16,41.9952,122.8224,54.0,12.60000038146973,0.0,4.800000190734863,16.30000114440918,11.90000057220459,18.20000076293945,24.5,11.19999980926514,5.440000056990741
1001,1984-06-16,41.9952,122.8224,59.60000228881836,9.199999809265137,0.0,4.5,147.4000091552734,18.0,22.60000038146973,27.20000076293945,18.5,15.26999950399306
1002,1984-07-16,41.9952,122.8224,66.30000305175781,9.40000057220459,0.0,4.099999904632568,61.5,20.20000076293945,24.89999961853027,29.60000038146973,23.30000114440918,9.260000228993055
1003,1984-08-16,41.9952,122.8224,59.0,8.90000057220459,0.0,3.700000047683716,192.1000061035156,20.20000076293945,24.60000038146973,29.10000038146973,24.30000114440918,13.86999988599537
1004,1984-09-16,41.9952,122.8224,42.79999923706055,11.90000057220459,0.0,3.299999952316284,63.90000152587891,11.80000019073486,17.70000076293945,23.70000076293945,13.30000019073486,7.399999618993055
1005,1984-10-16,41.9952,122.8224,38.70000076293945,11.19999980926514,7.149999618993055,2.0,48.5,4.200000286102295,9.800000190734863,15.40000057220459,7.900000095367432,8.48999977099537
1006,1984-11-16,41.9952,122.8224,36.0,10.69999980926514,23.59000015299769,1.300000071525574,9.40000057220459,-3.200000047683716,2.200000047683716,7.599999904632568,4.300000190734863,4.059999942997685
1007,1984-12-16,41.9952,122.8224,28.60000038146973,9.300000190734863,30.72999954199074,0.6000000238418579,9.0,-11.90000057220459,-7.200000286102295,-2.600000143051147,2.200000047683716,4.139999865995371
1008,1985-01-16,41.9952,122.8224,26.10000038146973,11.60000038146973,31.0,0.5,6.599999904632568,-18.0,-12.19999980926514,-6.400000095367432,1.5,3.919999837997685
1009,1985-02-15,41.9952,122.8224,30.10000038146973,9.699999809265137,27.72999954199074,0.9000000357627869,7.900000095367432,-11.80000019073486,-6.900000095367432,-2.100000143051147,2.400000095367432,4.429999827997685
1010,1985-03-16,41.9952,122.8224,36.20000076293945,11.19999980926514,26.76999854998843,2.0,15.10000038146973,-5.5,0.1000000014901161,5.700000286102295,3.100000143051147,4.92000007599537
1011,1985-04-16,41.9952,122.8224,48.79999923706055,11.80000019073486,6.279999732997685,3.600000143051147,41.79999923706055,4.5,10.40000057220459,16.30000114440918,6.300000190734863,6.980000018993056
1012,1985-05-16,41.9952,122.8224,55.0,11.80000019073486,0.0,4.5,60.70000076293945,11.60000038146973,17.5,23.39999961853027,11.5,9.849999427997686
1013,1985-06-16,41.9952,122.8224,59.60000228881836,9.600000381469727,0.0,4.400000095367432,65.4000015258789,17.0,21.80000114440918,26.60000038146973,17.80000114440918,10.25
1014,1985-07-16,41.9952,122.8224,66.20000457763672,7.400000095367432,0.0,3.900000095367432,205.1000061035156,21.39999961853027,25.10000038146973,28.80000114440918,24.70000076293945,16.069999695
1015,1985-08-16,41.9952,122.8224,59.20000076293945,7.599999904632568,0.0,3.600000143051147,260.7000122070312,20.70000076293945,24.5,28.30000114440918,24.60000038146973,16.0
1016,1985-09-16,41.9952,122.8224,43.20000076293945,10.60000038146973,0.0,3.100000143051147,54.5,12.10000038146973,17.39999961853027,22.70000076293945,13.60000038146973,7.10999965699074
1017,1985-10-16,41.9952,122.8224,40.5,10.90000057220459,3.559999942997685,2.100000143051147,9.100000381469727,6.0,11.40000057220459,16.89999961853027,8.800000190734863,4.059999942997685
1018,1985-11-16,41.9952,122.8224,36.20000076293945,9.199999809265137,25.25,1.100000023841858,12.40000057220459,-4.800000190734863,-0.2000000029802322,4.400000095367432,3.799999952316284,5.099999905
1019,1985-12-16,41.9952,122.8224,28.60000038146973,9.300000190734863,31.0,0.5,3.400000095367432,-14.5,-9.800000190734863,-5.200000286102295,1.800000071525574,2.839999913993056
1020,1986-01-16,41.9952,122.8224,26.0,10.80000019073486,31.0,0.6000000238418579,2.600000143051147,-16.60000038146973,-11.19999980926514,-5.800000190734863,1.600000023841858,2.220000028993056
1021,1986-02-15,41.9952,122.8224,29.89999961853027,10.80000019073486,27.930000305,1.0,1.100000023841858,-12.90000057220459,-7.5,-2.100000143051147,1.899999976158142,1.25
1022,1986-03-16,41.9952,122.8224,36.20000076293945,11.0,24.36999893199074,2.0,17.80000114440918,-3.200000047683716,2.299999952316284,7.800000190734863,4.200000286102295,5.46999979
1023,1986-04-16,41.9952,122.8224,48.79999923706055,11.90000057220459,7.13999986599537,3.600000143051147,52.5,4.099999904632568,10.0,16.0,6.200000286102295,7.690000056990741
1024,1986-05-16,41.9952,122.8224,53.40000152587891,12.10000038146973,0.0,4.800000190734863,26.30000114440918,11.40000057220459,17.39999961853027,23.5,10.10000038146973,6.730000018993056
1025,1986-06-16,41.9952,122.8224,59.20000076293945,9.600000381469727,0.0,4.5,117.8000030517578,17.60000038146973,22.39999961853027,27.20000076293945,18.5,13.819999695
1026,1986-07-16,41.9952,122.8224,66.30000305175781,7.800000190734863,0.0,3.799999952316284,200.8000030517578,20.10000038146973,24.0,27.89999961853027,23.70000076293945,15.96000003799769
1027,1986-08-16,41.9952,122.8224,58.79999923706055,8.5,0.0,3.600000143051147,148.0,18.70000076293945,22.89999961853027,27.20000076293945,21.39999961853027,12.27999973299768
1028,1986-09-16,41.9952,122.8224,42.40000152587891,11.10000038146973,0.0,3.100000143051147,133.5,12.10000038146973,17.60000038146973,23.20000076293945,14.30000019073486,10.569999695
1029,1986-10-16,41.9952,122.8224,39.70000076293945,10.69999980926514,9.029999732997686,2.0,25.60000038146973,3.400000095367432,8.699999809265137,14.10000038146973,7.099999904632568,6.460000037997685
1030,1986-11-16,41.9952,122.8224,36.10000228881836,9.800000190734863,24.94999885599537,1.200000047683716,9.699999809265137,-4.5,0.4000000059604645,5.300000190734863,3.600000143051147,4.339999675995371
1031,1986-12-16,41.9952,122.8224,28.70000076293945,9.300000190734863,30.07999992399306,0.699999988079071,5.700000286102295,-10.10000038146973,-5.400000095367432,-0.800000011920929,2.600000143051147,3.949999808993056
1032,1987-01-16,41.9952,122.8224,28.60000038146973,10.60000038146973,31.0,0.4000000059604645,8.800000190734863,-15.80000019073486,-10.5,-5.200000286102295,2.100000143051147,5.5
1033,1987-02-15,41.9952,122.8224,33.90000152587891,11.0,27.79999923699074,1.0,6.5,-12.10000038146973,-6.599999904632568,-1.100000023841858,2.200000047683716,3.949999808993056
1034,1987-03-16,41.9952,122.8224,33.90000152587891,10.40000057220459,26.76999854998843,1.899999976158142,29.30000114440918,-5.5,-0.300000011920929,4.900000095367432,3.100000143051147,6.940000056990741
1035,1987-04-16,41.9952,122.8224,43.29999923706055,10.69999980926514,6.920000075995371,3.299999952316284,46.79999923706055,4.200000286102295,9.5,14.90000057220459,6.800000190734863,5.539999961990741
1036,1987-05-16,41.9952,122.8224,51.5,11.40000057220459,0.0,4.5,47.10000228881836,11.0,16.70000076293945,22.39999961853027,10.40000057220459,9.05999946599537
1037,1987-06-16,41.9952,122.8224,55.0,10.19999980926514,0.0,4.800000190734863,79.20000457763672,17.0,22.10000038146973,27.20000076293945,16.60000038146973,11.01000022899306
1038,1987-07-16,41.9952,122.8224,59.90000152587891,9.199999809265137,0.0,4.200000286102295,150.1000061035156,19.89999961853027,24.5,29.10000038146973,22.89999961853027,12.569999695
1039,1987-08-16,41.9952,122.8224,62.5,8.5,0.0,3.5,188.4000091552734,19.60000038146973,23.80000114440918,28.10000038146973,23.60000038146973,13.89999961899306
1040,1987-09-16,41.9952,122.8224,48.40000152587891,11.30000019073486,0.0,3.0,91.4000015258789,12.19999980926514,17.80000114440918,23.5,14.69999980926514,8.699999808993056
1041,1987-10-16,41.9952,122.8224,35.10000228881836,11.10000038146973,4.089999675995371,2.200000047683716,27.20000076293945,5.700000286102295,11.19999980926514,16.80000114440918,8.600000381469727,5.159999846990741
1042,1987-11-16,41.9952,122.8224,47.0,9.800000190734863,25.25,1.100000023841858,23.70000076293945,-4.800000190734863,0.1000000014901161,5.0,3.900000095367432,6.76999998099537
1043,1987-12-16,41.9952,122.8224,25.89999961853027,10.69999980926514,30.34000015299768,0.699999988079071,0.6000000238418579,-10.69999980926514,-5.300000190734863,0.1000000014901161,2.600000143051147,0.01
1044,1988-01-16,41.9952,122.8224,12.19999980926514,10.40000057220459,30.90999984699074,0.699999988079071,2.299999952316284,-12.80000019073486,-7.599999904632568,-2.400000095367432,2.0,1.50999999
1045,1988-02-15,41.9952,122.8224,34.70000076293945,10.80000019073486,28.93999862699074,1.0,3.299999952316284,-13.0,-7.599999904632568,-2.200000047683716,1.700000047683716,2.899999856990741
1046,1988-03-16,41.9952,122.8224,27.70000076293945,11.69999980926514,26.680000305,2.200000047683716,6.900000095367432,-5.400000095367432,0.5,6.400000095367432,2.700000047683716,3.349999905
1047,1988-04-16,41.9952,122.8224,41.5,11.60000038146973,7.35999965699074,3.600000143051147,39.29999923706055,4.0,9.800000190734863,15.60000038146973,6.200000286102295,6.440000056990741
1048,1988-05-16,41.9952,122.8224,56.90000152587891,12.10000038146973,0.0,4.700000286102295,53.70000076293945,11.10000038146973,17.10000038146973,23.20000076293945,10.0,9.11999988599537
1049,1988-06-16,41.9952,122.8224,45.29999923706055,10.80000019073486,0.0,5.099999904632568,42.79999923706055,17.60000038146973,23.0,28.39999961853027,18.20000076293945,9.420000075995372
1050,1988-07-16,41.9952,122.8224,69.4000015258789,7.800000190734863,0.0,3.700000047683716,147.5,21.0,24.89999961853027,28.80000114440918,25.5,12.42999935199074
1051,1988-08-16,41.9952,122.8224,59.70000076293945,7.800000190734863,0.0,3.700000047683716,130.6000061035156,20.80000114440918,24.70000076293945,28.60000038146973,24.30000114440918,12.85999965699074
1052,1988-09-16,41.9952,122.8224,50.29999923706055,10.5,0.0,3.0,96.0999984741211,13.60000038146973,18.80000114440918,24.10000038146973,15.90000057220459,9.210000037997684
1053,1988-10-16,41.9952,122.8224,34.79999923706055,12.30000019073486,4.839999675995371,2.299999952316284,23.10000038146973,5.300000190734863,11.40000057220459,17.60000038146973,8.300000190734863,5.75
1054,1988-11-16,41.9952,122.8224,23.5,10.60000038146973,24.53999900799769,1.399999976158142,1.600000023841858,-4.099999904632568,1.200000047683716,6.5,3.299999952316284,0.7299999589930556
1055,1988-12-16,41.9952,122.8224,40.70000076293945,9.5,30.51999854998843,0.800000011920929,1.100000023841858,-11.19999980926514,-6.400000095367432,-1.700000047683716,2.100000143051147,0.6699999569907408
1056,1989-01-16,41.9952,122.8224,33.10000228881836,10.0,30.79999923699074,0.6000000238418579,7.099999904632568,-12.19999980926514,-7.200000286102295,-2.200000047683716,2.5,4.5
1057,1989-02-15,41.9952,122.8224,35.60000228881836,12.5,27.11999893199074,1.300000071525574,3.299999952316284,-10.0,-3.700000047683716,2.600000143051147,2.299999952316284,3.109999895
1058,1989-03-16,41.9952,122.8224,35.40000152587891,12.30000019073486,24.48999977099537,2.5,4.900000095367432,-3.299999952316284,2.900000095367432,9.100000381469727,3.200000047683716,2.829999923993055
1059,1989-04-16,41.9952,122.8224,30.89999961853027,14.30000019073486,5.059999942997685,4.400000095367432,13.10000038146973,5.099999904632568,12.19999980926514,19.39999961853027,6.300000190734863,3.939999818993056
1060,1989-05-16,41.9952,122.8224,47.90000152587891,12.90000057220459,0.0,5.099999904632568,34.79999923706055,11.5,17.89999961853027,24.39999961853027,10.19999980926514,8.279999732997686
1061,1989-06-16,41.9952,122.8224,55.10000228881836,10.30000019073486,0.0,4.700000286102295,92.0999984741211,16.70000076293945,21.80000114440918,27.0,16.60000038146973,12.82999992399306
1062,1989-07-16,41.9952,122.8224,66.5999984741211,8.699999809265137,0.0,4.0,189.6000061035156,20.20000076293945,24.5,28.89999961853027,23.20000076293945,15.83999919899305
1063,1989-08-16,41.9952,122.8224,49.40000152587891,10.60000038146973,0.0,4.300000190734863,29.30000114440918,19.0,24.30000114440918,29.60000038146973,20.60000038146973,5.210000037997686
1064,1989-09-16,41.9952,122.8224,48.10000228881836,11.80000019073486,0.0,3.299999952316284,76.70000457763672,12.0,17.89999961853027,23.80000114440918,12.69999980926514,7.940000056990741
1065,1989-10-16,41.9952,122.8224,37.70000076293945,12.19999980926514,5.849999905,2.200000047683716,38.70000076293945,4.800000190734863,10.90000057220459,17.0,8.199999809265137,7.669999598993055
1066,1989-11-16,41.9952,122.8224,44.70000076293945,10.5,24.34000015299768,1.300000071525574,3.799999952316284,-3.900000095367432,1.399999976158142,6.700000286102295,3.900000095367432,1.00999999
1067,1989-12-16,41.9952,122.8224,46.60000228881836,10.5,30.29999923699074,0.9000000357627869,1.300000071525574,-10.60000038146973,-5.300000190734863,-0.1000000014901161,2.0,1.419999956990741
1068,1990-01-16,41.9952,122.8224,22.30000114440918,11.19999980926514,31.0,0.5,11.40000057220459,-17.10000038146973,-11.5,-5.900000095367432,1.600000023841858,5.019999980995371
1069,1990-02-15,41.9952,122.8224,30.20000076293945,10.0,27.07999992399306,0.800000011920929,19.39999961853027,-9.90000057220459,-4.900000095367432,0.1000000014901161,3.299999952316284,6.46999979
1070,1990-03-16,41.9952,122.8224,36.79999923706055,10.30000019073486,20.27000045799769,2.100000143051147,40.10000228881836,-0.9000000357627869,4.300000190734863,9.5,5.0,7.669999598993055
1071,1990-04-16,41.9952,122.8224,50.10000228881836,10.80000019073486,6.48999977099537,3.400000095367432,40.0,4.400000095367432,9.800000190734863,15.19999980926514,6.300000190734863,8.25
1072,1990-05-16,41.9952,122.8224,66.80000305175781,10.40000057220459,0.0,3.900000095367432,68.0,11.40000057220459,16.60000038146973,21.80000114440918,11.60000038146973,11.34000015299769
1073,1990-06-16,41.9952,122.8224,55.60000228881836,9.5,0.0,4.5,98.5,17.30000114440918,22.0,26.80000114440918,18.60000038146973,13.25999927498843
1074,1990-07-16,41.9952,122.8224,64.5999984741211,7.599999904632568,0.0,3.900000095367432,144.9000091552734,21.10000038146973,24.89999961853027,28.70000076293945,25.30000114440918,14.38000011399306
1075,1990-08-16,41.9952,122.8224,51.60000228881836,9.100000381469727,0.0,3.900000095367432,104.2000045776367,20.20000076293945,24.70000076293945,29.30000114440918,24.0,10.51999950399306
1076,1990-09-16,41.9952,122.8224,44.70000076293945,12.0,0.0,3.200000047683716,144.9000091552734,12.10000038146973,18.10000038146973,24.10000038146973,14.40000057220459,9.97999954199074
1077,1990-10-16,41.9952,122.8224,36.29999923706055,12.90000057220459,4.269999980995371,2.299999952316284,4.300000190734863,5.599999904632568,12.0,18.5,9.0,2.12999987599537
1078,1990-11-16,41.9952,122.8224,42.5,10.10000038146973,20.82999992399306,1.300000071525574,13.40000057220459,-1.399999976158142,3.700000047683716,8.800000190734863,5.099999904632568,5.769999980995371
1079,1990-12-16,41.9952,122.8224,31.70000076293945,10.30000019073486,30.48999977099537,0.6000000238418579,12.90000057220459,-11.10000038146973,-5.900000095367432,-0.800000011920929,2.600000143051147,5.849999905
1080,1991-01-16,41.9952,122.8224,18.39999961853027,11.30000019073486,31.0,0.5,1.100000023841858,-15.80000019073486,-10.10000038146973,-4.5,1.899999976158142,1.449999927997685
1081,1991-02-15,41.9952,122.8224,36.40000152587891,10.5,27.64999961899306,1.0,2.900000095367432,-11.5,-6.200000286102295,-1.0,2.100000143051147,2.36999988599537
1082,1991-03-16,41.9952,122.8224,41.5,10.0,25.569999695,2.0,9.40000057220459,-4.300000190734863,0.699999988079071,5.700000286102295,3.100000143051147,4.069999695
1083,1991-04-16,41.9952,122.8224,43.29999923706055,12.40000057220459,6.710000037997685,3.799999952316284,38.10000228881836,4.300000190734863,10.5,16.70000076293945,6.099999904632568,7.009999751990741
1084,1991-05-16,41.9952,122.8224,57.0,11.5,0.0,4.700000286102295,40.5,11.69999980926514,17.39999961853027,23.20000076293945,10.5,8.069999695
1085,1991-06-16,41.9952,122.8224,50.29999923706055,10.30000019073486,0.0,4.900000095367432,135.0,17.20000076293945,22.30000114440918,27.5,17.39999961853027,14.84999942799768
1086,1991-07-16,41.9952,122.8224,64.5999984741211,7.800000190734863,0.0,3.900000095367432,286.3999938964844,20.60000038146973,24.5,28.39999961853027,24.39999961853027,17.42000007599537
1087,1991-08-16,41.9952,122.8224,58.5,9.300000190734863,0.0,3.799999952316284,31.60000038146973,20.60000038146973,25.20000076293945,29.89999961853027,24.80000114440918,7.089999675995371
1088,1991-09-16,41.9952,122.8224,42.60000228881836,11.40000057220459,0.0,3.200000047683716,55.60000228881836,12.69999980926514,18.39999961853027,24.10000038146973,15.0,7.129999637997686
1089,1991-10-16,41.9952,122.8224,34.5,11.0,5.429999827997685,2.100000143051147,47.29999923706055,5.0,10.5,16.0,8.40000057220459,8.659999846990742
1090,1991-11-16,41.9952,122.8224,26.5,9.300000190734863,23.36999893199074,1.200000047683716,17.89999961853027,-3.0,1.700000047683716,6.400000095367432,4.300000190734863,5.019999980995371
1091,1991-12-16,41.9952,122.8224,42.0,9.300000190734863,30.51999854998843,0.6000000238418579,7.5,-11.19999980926514,-6.5,-1.899999976158142,2.400000095367432,4.480000018993056
1092,1992-01-16,41.9952,122.8224,19.39999961853027,9.90000057220459,30.79999923699074,0.6000000238418579,1.200000047683716,-12.19999980926514,-7.200000286102295,-2.299999952316284,2.299999952316284,1.449999927997685
1093,1992-02-15,41.9952,122.8224,29.80000114440918,11.80000019073486,28.29999923699074,1.200000047683716,0.9000000357627869,-10.5,-4.599999904632568,1.300000071525574,2.200000047683716,1.480000018993056
1094,1992-03-16,41.9952,122.8224,29.20000076293945,12.10000038146973,24.26000022899306,2.400000095367432,5.300000190734863,-3.100000143051147,3.0,9.100000381469727,3.5,3.129999875995371
1095,1992-04-16,41.9952,122.8224,43.40000152587891,12.19999980926514,6.069999695000001,3.900000095367432,22.39999961853027,4.599999904632568,10.69999980926514,16.80000114440918,5.800000190734863,5.50999975199074
1096,1992-05-16,41.9952,122.8224,51.70000076293945,12.10000038146973,0.0,4.700000286102295,41.60000228881836,11.10000038146973,17.10000038146973,23.20000076293945,10.5,8.47999954199074
1097,1992-06-16,41.9952,122.8224,58.70000076293945,10.60000038146973,0.0,4.599999904632568,65.0999984741211,15.5,20.80000114440918,26.10000038146973,15.40000057220459,10.53999996199074
1098,1992-07-16,41.9952,122.8224,61.10000228881836,9.40000057220459,0.0,4.400000095367432,149.6000061035156,20.70000076293945,25.39999961853027,30.10000038146973,22.89999961853027,12.67000007599537
1099,1992-08-16,41.9952,122.8224,56.60000228881836,9.0,0.0,3.700000047683716,43.5,19.10000038146973,23.60000038146973,28.10000038146973,22.5,6.799999713993055
1100,1992-09-16,41.9952,122.8224,46.70000076293945,11.10000038146973,0.0,3.100000143051147,69.0999984741211,12.0,17.5,23.10000038146973,13.80000019073486,8.35999965699074
1101,1992-10-16,41.9952,122.8224,34.5,12.30000019073486,7.60999965699074,2.299999952316284,26.5,4.0,10.10000038146973,16.30000114440918,7.400000095367432,7.159999846990742
1102,1992-11-16,41.9952,122.8224,52.90000152587891,9.40000057220459,25.34000015299768,0.9000000357627869,26.39999961853027,-4.900000095367432,-0.2000000029802322,4.5,4.200000286102295,7.190000056990741
1103,1992-12-16,41.9952,122.8224,24.80000114440918,9.5,30.40999984699074,0.6000000238418579,6.900000095367432,-10.90000057220459,-6.099999904632568,-1.399999976158142,2.700000047683716,3.64999985699074
1104,1993-01-16,41.9952,122.8224,11.40000057220459,9.90000057220459,31.0,0.5,1.100000023841858,-14.5,-9.5,-4.599999904632568,2.100000143051147,1.559999942997685
1105,1993-02-15,41.9952,122.8224,21.30000114440918,10.40000057220459,26.78999900799769,1.100000023841858,1.0,-9.300000190734863,-4.099999904632568,1.100000023841858,2.600000143051147,1.649999975995371
1106,1993-03-16,41.9952,122.8224,36.20000076293945,12.10000038146973,23.680000305,2.400000095367432,7.700000286102295,-2.600000143051147,3.5,9.600000381469727,3.700000047683716,3.629999875995371
1107,1993-04-16,41.9952,122.8224,41.60000228881836,12.30000019073486,8.73999977099537,3.700000047683716,23.60000038146973,3.400000095367432,9.5,15.69999980926514,5.5,5.109999656990741
1108,1993-05-16,41.9952,122.8224,46.0,12.5,0.0,5.300000190734863,18.70000076293945,12.0,18.20000076293945,24.5,9.800000190734863,5.769999980995371
1109,1993-06-16,41.9952,122.8224,58.10000228881836,9.300000190734863,0.0,4.200000286102295,125.5999984741211,16.89999961853027,21.5,26.20000076293945,18.80000114440918,14.11999988599537
1110,1993-07-16,41.9952,122.8224,73.80000305175781,7.5,0.0,3.600000143051147,145.1999969482422,20.39999961853027,24.10000038146973,27.89999961853027,23.80000114440918,13.5
1111,1993-08-16,41.9952,122.8224,52.40000152587891,9.5,0.0,3.700000047683716,170.0,18.39999961853027,23.10000038146973,27.89999961853027,21.89999961853027,12.64999961899306
1112,1993-09-16,41.9952,122.8224,36.79999923706055,12.40000057220459,0.0,3.5,41.20000076293945,12.60000038146973,18.80000114440918,25.0,13.90000057220459,5.92000007599537
1113,1993-10-16,41.9952,122.8224,33.60000228881836,12.69999980926514,8.550000190995371,2.299999952316284,21.80000114440918,3.600000143051147,9.90000057220459,16.30000114440918,7.300000190734863,5.579999923993055
1114,1993-11-16,41.9952,122.8224,36.20000076293945,9.0,24.12999916099537,0.9000000357627869,32.60000228881836,-3.700000047683716,0.800000011920929,5.300000190734863,4.700000286102295,8.210000037997684
1115,1993-12-16,41.9952,122.8224,14.30000019073486,10.80000019073486,30.819999695,0.6000000238418579,12.19999980926514,-12.30000019073486,-6.900000095367432,-1.5,2.400000095367432,5.769999980995371
1116,1994-01-16,41.9952,122.8224,34.5,10.80000019073486,31.0,0.5,2.100000143051147,-15.19999980926514,-9.800000190734863,-4.400000095367432,2.100000143051147,2.700000047997685
1117,1994-02-15,41.9952,122.8224,21.0,10.80000019073486,27.32999992399306,1.100000023841858,0.4000000059604645,-10.5,-5.099999904632568,0.300000011920929,2.400000095367432,0.7699999809953704
1118,1994-03-16,41.9952,122.8224,23.20000076293945,10.40000057220459,25.77999877899306,2.100000143051147,7.599999904632568,-4.5,0.699999988079071,5.900000095367432,3.100000143051147,4.049999713993055
1119,1994-04-16,41.9952,122.8224,33.40000152587891,13.60000038146973,3.77999997099537,4.5,5.599999904632568,5.800000190734863,12.60000038146973,19.39999961853027,6.200000286102295,2.049999951990741
1120,1994-05-16,41.9952,122.8224,48.40000152587891,11.5,0.0,4.800000190734863,83.70000457763672,11.60000038146973,17.30000114440918,23.10000038146973,10.19999980926514,11.28999996199074
1121,1994-06-16,41.9952,122.8224,50.20000076293945,10.80000019073486,0.0,5.200000286102295,56.20000076293945,18.70000076293945,24.10000038146973,29.5,18.70000076293945,9.929999351990741
1122,1994-07-16,41.9952,122.8224,70.0999984741211,7.400000095367432,0.0,3.799999952316284,236.6999969482422,23.0,26.70000076293945,30.39999961853027,28.60000038146973,17.17000007599537
1123,1994-08-16,41.9952,122.8224,59.60000228881836,8.199999809265137,0.0,3.600000143051147,235.3000030517578,21.30000114440918,25.39999961853027,29.5,26.39999961853027,14.42000007599537
1124,1994-09-16,41.9952,122.8224,37.40000152587891,11.5,0.0,3.400000095367432,95.5,13.0,18.70000076293945,24.5,14.40000057220459,8.60999965699074
1125,1994-10-16,41.9952,122.8224,33.90000152587891,12.0,5.230000018993056,2.200000047683716,29.70000076293945,5.099999904632568,11.10000038146973,17.10000038146973,8.300000190734863,6.00999975199074
1126,1994-11-16,41.9952,122.8224,36.29999923706055,9.300000190734863,20.59000015299769,1.300000071525574,11.5,-1.300000071525574,3.400000095367432,8.100000381469727,4.900000095367432,4.199999808993056
1127,1994-12-16,41.9952,122.8224,32.90000152587891,9.800000190734863,30.64999961899306,0.699999988079071,4.900000095367432,-11.60000038146973,-6.700000286102295,-1.800000071525574,2.299999952316284,3.470000028993055
1128,1995-01-16,41.9952,122.8224,2.5,10.80000019073486,30.84000015299768,0.800000011920929,0.300000011920929,-12.40000057220459,-7.0,-1.600000023841858,1.800000071525574,0.3499999939930555
1129,1995-02-15,41.9952,122.8224,27.0,12.10000038146973,26.98999977099537,1.399999976158142,6.0,-9.699999809265137,-3.600000143051147,2.5,2.200000047683716,2.769999980995371
1130,1995-03-16,41.9952,122.8224,32.60000228881836,10.69999980926514,23.90999984699074,2.100000143051147,17.60000038146973,-2.799999952316284,2.600000143051147,8.0,3.900000095367432,4.779999732997685
1131,1995-04-16,41.9952,122.8224,38.79999923706055,12.0,7.819999695000001,3.700000047683716,28.0,3.799999952316284,9.800000190734863,15.80000019073486,5.700000286102295,5.639999865995371
1132,1995-05-16,41.9952,122.8224,59.60000228881836,11.0,0.0,4.5,68.0,10.60000038146973,16.10000038146973,21.60000038146973,9.199999809265137,10.09000015299769
1133,1995-06-16,41.9952,122.8224,58.90000152587891,9.800000190734863,0.0,4.5,109.0999984741211,17.39999961853027,22.30000114440918,27.20000076293945,18.10000038146973,12.19999980899306
1134,1995-07-16,41.9952,122.8224,76.0999984741211,7.599999904632568,0.0,3.700000047683716,255.8000030517578,20.80000114440918,24.60000038146973,28.39999961853027,23.5,14.98999977099537
1135,1995-08-16,41.9952,122.8224,66.0999984741211,8.40000057220459,0.0,3.5,148.1999969482422,20.10000038146973,24.30000114440918,28.5,23.60000038146973,11.96999931299768
1136,1995-09-16,41.9952,122.8224,49.0,11.40000057220459,0.0,3.100000143051147,56.90000152587891,12.0,17.70000076293945,23.39999961853027,13.69999980926514,6.589999675995371
1137,1995-10-16,41.9952,122.8224,43.29999923706055,10.60000038146973,2.599999905,2.100000143051147,29.80000114440918,6.599999904632568,11.90000057220459,17.20000076293945,9.40000057220459,7.960000037997685
1138,1995-11-16,41.9952,122.8224,36.10000228881836,11.40000057220459,23.26000022899306,1.399999976158142,2.700000047683716,-2.900000095367432,2.799999952316284,8.5,4.200000286102295,2.11999988599537
1139,1995-12-16,41.9952,122.8224,30.20000076293945,10.10000038146973,30.20999908399306,0.9000000357627869,1.0,-10.40000057220459,-5.300000190734863,-0.300000011920929,2.100000143051147,1.120000005
1140,1996-01-16,41.9952,122.8224,10.10000038146973,11.60000038146973,31.0,0.699999988079071,2.299999952316284,-14.80000019073486,-9.0,-3.200000047683716,1.700000047683716,2.679999827997685
1141,1996-02-15,41.9952,122.8224,22.30000114440918,11.69999980926514,28.63999938998843,1.200000047683716,0.699999988079071,-11.5,-5.599999904632568,0.300000011920929,1.899999976158142,1.069999932997685
1142,1996-03-16,41.9952,122.8224,36.29999923706055,10.40000057220459,24.48999977099537,2.200000047683716,13.0,-3.299999952316284,1.899999976158142,7.099999904632568,3.299999952316284,4.639999865995371
1143,1996-04-16,41.9952,122.8224,46.70000076293945,11.5,6.920000075995371,3.5,12.40000057220459,4.200000286102295,9.90000057220459,15.69999980926514,6.200000286102295,4.269999980995371
1144,1996-05-16,41.9952,122.8224,53.90000152587891,11.80000019073486,0.0,4.800000190734863,45.90000152587891,12.69999980926514,18.60000038146973,24.5,11.90000057220459,8.75
1145,1996-06-16,41.9952,122.8224,58.0,9.90000057220459,0.0,4.800000190734863,105.0,18.0,22.89999961853027,27.89999961853027,17.70000076293945,11.34000015299769
1146,1996-07-16,41.9952,122.8224,75.0999984741211,8.100000381469727,0.0,3.700000047683716,201.4000091552734,20.70000076293945,24.70000076293945,28.80000114440918,24.20000076293945,15.35999965699074
1147,1996-08-16,41.9952,122.8224,59.20000076293945,9.100000381469727,0.0,3.700000047683716,147.9000091552734,19.10000038146973,23.60000038146973,28.20000076293945,22.0,11.40999984699074
1148,1996-09-16,41.9952,122.8224,46.20000076293945,12.19999980926514,0.0,3.299999952316284,62.29999923706055,12.30000019073486,18.39999961853027,24.5,13.90000057220459,6.10999965699074
1149,1996-10-16,41.9952,122.8224,37.70000076293945,11.30000019073486,7.149999618993055,2.100000143051147,50.5,4.200000286102295,9.800000190734863,15.5,7.400000095367432,7.73999977099537
1150,1996-11-16,41.9952,122.8224,27.20000076293945,10.80000019073486,25.819999695,1.100000023841858,19.5,-5.400000095367432,0.0,5.400000095367432,3.900000095367432,5.949999808993056
1151,1996-12-16,41.9952,122.8224,13.90000057220459,9.800000190734863,30.02999877899306,0.699999988079071,0.800000011920929,-10.0,-5.099999904632568,-0.2000000029802322,2.700000047683716,1.370000005
1152,1997-01-16,41.9952,122.8224,24.0,11.19999980926514,31.0,0.5,13.0,-15.80000019073486,-10.19999980926514,-4.599999904632568,2.0,5.279999732997685
1153,1997-02-15,41.9952,122.8224,25.70000076293945,10.69999980926514,27.02999877899306,1.100000023841858,3.0,-9.800000190734863,-4.400000095367432,1.0,2.5,2.519999980995371
1154,1997-03-16,41.9952,122.8224,27.80000114440918,11.69999980926514,23.55999946599537,2.299999952316284,6.099999904632568,-2.5,3.400000095367432,9.300000190734863,4.099999904632568,2.549999951990741
1155,1997-04-16,41.9952,122.8224,39.5,12.80000019073486,4.679999827997685,4.099999904632568,14.0,5.300000190734863,11.69999980926514,18.10000038146973,6.5,4.159999846990741
1156,1997-05-16,41.9952,122.8224,58.79999923706055,11.40000057220459,0.0,4.400000095367432,48.70000076293945,11.40000057220459,17.10000038146973,22.80000114440918,11.0,9.05999946599537
1157,1997-06-16,41.9952,122.8224,52.20000076293945,11.40000057220459,0.0,5.200000286102295,41.60000228881836,17.89999961853027,23.60000038146973,29.30000114440918,17.39999961853027,8.090000152997685
1158,1997-07-16,41.9952,122.8224,51.0,9.800000190734863,0.0,5.099999904632568,77.20000457763672,22.39999961853027,27.30000114440918,32.20000076293945,24.89999961853027,9.599999427997686
1159,1997-08-16,41.9952,122.8224,62.40000152587891,9.100000381469727,0.0,3.799999952316284,230.0,20.89999961853027,25.39999961853027,30.0,24.5,14.23999977099537
1160,1997-09-16,41.9952,122.8224,49.20000076293945,12.0,0.0,3.200000047683716,67.9000015258789,11.30000019073486,17.30000114440918,23.30000114440918,12.69999980926514,7.480000018993056
1161,1997-10-16,41.9952,122.8224,37.60000228881836,11.80000019073486,8.789999961990741,2.100000143051147,19.70000076293945,3.5,9.40000057220459,15.30000019073486,7.200000286102295,4.659999846990741
1162,1997-11-16,41.9952,122.8224,43.79999923706055,11.30000019073486,23.59000015299769,1.200000047683716,4.900000095367432,-3.200000047683716,2.5,8.199999809265137,4.800000190734863,2.74000001
1163,1997-12-16,41.9952,122.8224,23.0,10.19999980926514,29.97999954199074,0.800000011920929,4.5,-9.90000057220459,-4.800000190734863,0.300000011920929,2.5,2.609999895
1164,1998-01-16,41.9952,122.8224,21.80000114440918,10.30000019073486,31.0,0.5,1.899999976158142,-15.30000019073486,-10.10000038146973,-5.0,1.899999976158142,2.27999997099537
1165,1998-02-15,41.9952,122.8224,33.60000228881836,12.30000019073486,26.10999870299769,1.399999976158142,1.899999976158142,-8.100000381469727,-1.899999976158142,4.300000190734863,2.700000047683716,1.969999908993056
1166,1998-03-16,41.9952,122.8224,20.70000076293945,11.69999980926514,21.77000045799769,2.600000143051147,18.10000038146973,-1.5,4.400000095367432,10.30000019073486,3.900000095367432,5.460000037997686
1167,1998-04-16,41.9952,122.8224,40.60000228881836,12.5,1.719999908993056,4.400000095367432,39.10000228881836,7.200000286102295,13.40000057220459,19.70000076293945,6.800000190734863,5.929999827997685
1168,1998-05-16,41.9952,122.8224,55.0,11.40000057220459,0.0,4.900000095367432,74.30000305175781,12.90000057220459,18.60000038146973,24.30000114440918,11.0,11.25
1169,1998-06-16,41.9952,122.8224,62.10000228881836,8.699999809265137,0.0,4.300000190734863,85.5,17.5,21.80000114440918,26.20000076293945,18.10000038146973,12.11999988599537
1170,1998-07-16,41.9952,122.8224,75.30000305175781,7.300000190734863,0.0,3.700000047683716,199.5,21.60000038146973,25.20000076293945,28.89999961853027,25.0,16.05999946599537
1171,1998-08-16,41.9952,122.8224,67.4000015258789,8.600000381469727,0.0,3.400000095367432,205.1000061035156,19.5,23.80000114440918,28.10000038146973,23.20000076293945,14.53999996199074
1172,1998-09-16,41.9952,122.8224,46.70000076293945,11.10000038146973,0.0,3.400000095367432,37.20000076293945,14.5,20.0,25.60000038146973,15.69999980926514,5.92000007599537
1173,1998-10-16,41.9952,122.8224,38.10000228881836,11.10000038146973,1.209999918993055,2.400000095367432,52.29999923706055,7.700000286102295,13.19999980926514,18.80000114440918,9.199999809265137,8.11999988599537
1174,1998-11-16,41.9952,122.8224,54.90000152587891,9.600000381469727,25.43999862699074,0.9000000357627869,8.199999809265137,-5.0,-0.2000000029802322,4.599999904632568,4.5,3.329999923993055
1175,1998-12-16,41.9952,122.8224,23.20000076293945,10.69999980926514,30.17000007599537,0.800000011920929,7.099999904632568,-10.30000019073486,-4.900000095367432,0.5,2.5,3.980000018993055
1176,1999-01-16,41.9952,122.8224,21.70000076293945,9.90000057220459,30.77999877899306,0.800000011920929,0.699999988079071,-12.10000038146973,-7.099999904632568,-2.200000047683716,2.0,0.4199999869907407
1177,1999-02-15,41.9952,122.8224,33.10000228881836,11.30000019073486,26.84000015299768,1.300000071525574,0.800000011920929,-9.40000057220459,-3.700000047683716,2.0,2.299999952316284,0.5
1178,1999-03-16,41.9952,122.8224,48.60000228881836,9.40000057220459,25.680000305,1.700000047683716,21.80000114440918,-4.400000095367432,0.300000011920929,5.0,3.799999952316284,5.940000056990741
1179,1999-04-16,41.9952,122.8224,55.5,12.10000038146973,6.069999695000001,3.400000095367432,29.0,4.599999904632568,10.60000038146973,16.70000076293945,7.099999904632568,5.929999827997685
1180,1999-05-16,41.9952,122.8224,52.60000228881836,12.40000057220459,0.0,4.599999904632568,26.10000038146973,11.0,17.20000076293945,23.39999961853027,10.80000019073486,7.339999675995371
1181,1999-06-16,41.9952,122.8224,56.20000076293945,10.0,0.0,4.800000190734863,80.0999984741211,17.80000114440918,22.80000114440918,27.80000114440918,17.70000076293945,10.88999939
1182,1999-07-16,41.9952,122.8224,67.70000457763672,8.699999809265137,0.0,4.5,101.4000015258789,22.70000076293945,27.0,31.39999961853027,24.39999961853027,11.01000022899306
1183,1999-08-16,41.9952,122.8224,60.29999923706055,9.300000190734863,0.0,3.900000095367432,119.0999984741211,19.89999961853027,24.5,29.20000076293945,22.39999961853027,10.67000007599537
1184,1999-09-16,41.9952,122.8224,46.10000228881836,11.19999980926514,0.0,3.299999952316284,30.39999961853027,13.60000038146973,19.20000076293945,24.80000114440918,15.0,4.980000018993056
1185,1999-10-16,41.9952,122.8224,39.0,11.30000019073486,6.48999977099537,2.100000143051147,22.10000038146973,4.5,10.10000038146973,15.80000019073486,7.700000286102295,6.26999998099537
1186,1999-11-16,41.9952,122.8224,34.10000228881836,11.10000038146973,24.22999954199074,1.200000047683716,33.60000228881836,-3.799999952316284,1.800000071525574,7.400000095367432,4.5,7.259999751990741
1187,1999-12-16,41.9952,122.8224,25.20000076293945,9.90000057220459,30.44999885599537,0.699999988079071,4.900000095367432,-11.0,-6.0,-1.100000023841858,2.299999952316284,3.460000037997685
1188,2000-01-16,41.9952,122.8224,38.40000152587891,10.60000038146973,31.0,0.4000000059604645,21.20000076293945,-17.39999961853027,-12.10000038146973,-6.800000190734863,1.899999976158142,7.909999846990742
1189,2000-02-15,41.9952,122.8224,21.10000038146973,10.5,28.88999939,1.0,1.0,-12.60000038146973,-7.300000190734863,-2.100000143051147,1.899999976158142,0.9499999879976853
1190,2000-03-16,41.9952,122.8224,26.5,10.10000038146973,22.96999931299769,2.400000095367432,12.90000057220459,-2.0,3.100000143051147,8.199999809265137,3.299999952316284,3.129999875995371
1191,2000-04-16,41.9952,122.8224,44.79999923706055,11.69999980926514,6.279999732997685,3.799999952316284,37.29999923706055,4.5,10.30000019073486,16.20000076293945,5.900000095367432,6.949999808993055
1192,2000-05-16,41.9952,122.8224,58.5,11.80000019073486,0.0,4.700000286102295,44.90000152587891,12.19999980926514,18.10000038146973,24.0,10.90000057220459,8.279999732997686
1193,2000-06-16,41.9952,122.8224,46.60000228881836,12.10000038146973,0.0,5.700000286102295,27.39999961853027,18.5,24.5,30.60000038146973,17.0,7.48999977099537
1194,2000-07-16,41.9952,122.8224,58.90000152587891,9.5,0.0,4.800000190734863,76.5999984741211,22.20000076293945,26.89999961853027,31.70000076293945,23.89999961853027,8.970000266990741
1195,2000-08-16,41.9952,122.8224,63.40000152587891,8.5,0.0,3.900000095367432,144.8000030517578,21.30000114440918,25.5,29.80000114440918,23.5,12.18999958
1196,2000-09-16,41.9952,122.8224,44.40000152587891,12.40000057220459,0.0,3.700000047683716,27.80000114440918,13.69999980926514,19.89999961853027,26.10000038146973,14.10000038146973,5.019999980995371
1197,2000-10-16,41.9952,122.8224,38.60000228881836,11.19999980926514,6.48999977099537,2.100000143051147,30.5,4.5,10.10000038146973,15.69999980926514,7.900000095367432,6.730000018993056
1198,2000-11-16,41.9952,122.8224,39.0,10.19999980926514,26.09000015299768,1.0,15.10000038146973,-5.700000286102295,-0.6000000238418579,4.5,3.900000095367432,5.349999905
1199,2000-12-16,41.9952,122.8224,38.5,10.80000019073486,30.92999839799769,0.5,11.5,-12.90000057220459,-7.5,-2.100000143051147,2.600000143051147,5.50999975199074
1200,2001-01-16,41.9952,122.8224,47.0,11.10000038146973,31.0,0.300000011920929,10.60000038146973,-18.30000114440918,-12.69999980926514,-7.200000286102295,1.899999976158142,5.730000018993056
1201,2001-02-15,41.9952,122.8224,42.10000228881836,10.19999980926514,27.90999984699074,0.800000011920929,0.800000011920929,-12.69999980926514,-7.599999904632568,-2.5,2.400000095367432,1.209999918993055
1202,2001-03-16,41.9952,122.8224,35.10000228881836,11.0,25.14999961899306,2.200000047683716,6.400000095367432,-3.900000095367432,1.600000023841858,7.099999904632568,3.100000143051147,2.470000028993056
1203,2001-04-16,41.9952,122.8224,47.29999923706055,12.30000019073486,4.309999942997685,4.0,7.200000286102295,5.5,11.60000038146973,17.80000114440918,6.099999904632568,3.099999905
1204,2001-05-16,41.9952,122.8224,58.10000228881836,11.90000057220459,0.0,5.099999904632568,26.60000038146973,13.30000019073486,19.20000076293945,25.20000076293945,10.80000019073486,6.85999965699074
1205,2001-06-16,41.9952,122.8224,59.10000228881836,9.800000190734863,0.0,5.099999904632568,108.9000015258789,19.30000114440918,24.20000076293945,29.10000038146973,17.89999961853027,12.35999965699074
1206,2001-07-16,41.9952,122.8224,65.0,8.600000381469727,0.0,4.400000095367432,119.4000015258789,22.0,26.30000114440918,30.60000038146973,24.39999961853027,11.18999958
1207,2001-08-16,41.9952,122.8224,51.90000152587891,9.800000190734863,0.0,4.099999904632568,151.1000061035156,19.80000114440918,24.70000076293945,29.60000038146973,22.39999961853027,11.48999977099537
1208,2001-09-16,41.9952,122.8224,38.60000228881836,12.19999980926514,0.0,3.700000047683716,37.5,13.30000019073486,19.39999961853027,25.5,13.5,6.509999751990741
1209,2001-10-16,41.9952,122.8224,36.29999923706055,11.90000057220459,2.75,2.400000095367432,32.79999923706055,6.5,12.40000057220459,18.39999961853027,8.800000190734863,6.589999675995371
1210,2001-11-16,41.9952,122.8224,30.0,11.30000019073486,23.90999984699074,1.399999976158142,4.0,-3.5,2.200000047683716,7.900000095367432,4.099999904632568,2.929999827997685
1211,2001-12-16,41.9952,122.8224,27.10000038146973,10.60000038146973,30.90999984699074,0.699999988079071,3.299999952316284,-12.80000019073486,-7.5,-2.200000047683716,1.899999976158142,2.579999923993055
1212,2002-01-16,41.9952,122.8224,32.20000076293945,10.69999980926514,30.69999885599537,0.699999988079071,4.200000286102295,-11.80000019073486,-6.400000095367432,-1.100000023841858,2.299999952316284,2.960000037997685
1213,2002-02-15,41.9952,122.8224,18.80000114440918,12.40000057220459,25.98999977099537,1.5,1.0,-7.900000095367432,-1.700000047683716,4.5,2.5,0.7999999519907407
1214,2002-03-16,41.9952,122.8224,46.10000228881836,10.90000057220459,18.44999885599537,2.700000047683716,23.70000076293945,-0.2000000029802322,5.300000190734863,10.80000019073486,3.700000047683716,5.079999923993055
1215,2002-04-16,41.9952,122.8224,59.10000228881836,11.0,3.119999885995371,3.700000047683716,51.70000076293945,6.200000286102295,11.69999980926514,17.20000076293945,6.599999904632568,7.60999965699074
1216,2002-05-16,41.9952,122.8224,50.5,12.69999980926514,0.0,5.400000095367432,20.60000038146973,13.10000038146973,19.39999961853027,25.80000114440918,10.5,4.199999808993056
1217,2002-06-16,41.9952,122.8224,65.9000015258789,9.800000190734863,0.0,4.5,83.30000305175781,17.20000076293945,22.10000038146973,27.0,17.0,11.55999946599537
1218,2002-07-16,41.9952,122.8224,65.5,8.699999809265137,0.0,4.300000190734863,135.5,21.70000076293945,26.0,30.39999961853027,24.10000038146973,11.819999695
1219,2002-08-16,41.9952,122.8224,61.40000152587891,9.100000381469727,0.0,3.600000143051147,132.6000061035156,19.20000076293945,23.70000076293945,28.30000114440918,22.60000038146973,11.42000007599537
1220,2002-09-16,41.9952,122.8224,38.40000152587891,13.0,0.0,3.799999952316284,9.0,13.0,19.5,26.0,13.30000019073486,2.769999980995371
1221,2002-10-16,41.9952,122.8224,45.79999923706055,10.0,8.550000190995371,1.899999976158142,44.70000076293945,3.600000143051147,8.600000381469727,13.60000038146973,7.300000190734863,9.149999618993055
1222,2002-11-16,41.9952,122.8224,35.10000228881836,9.90000057220459,26.93999862699074,1.0,5.800000190734863,-6.700000286102295,-1.700000047683716,3.299999952316284,3.5,2.679999827997685
1223,2002-12-16,41.9952,122.8224,43.20000076293945,9.600000381469727,30.79999923699074,0.5,6.099999904632568,-12.19999980926514,-7.400000095367432,-2.600000143051147,2.5,3.579999923993055
1224,2003-01-16,41.9952,122.8224,29.70000076293945,10.69999980926514,31.0,0.6000000238418579,2.400000095367432,-14.5,-9.100000381469727,-3.799999952316284,2.100000143051147,2.059999942997685
1225,2003-02-15,41.9952,122.8224,30.0,11.30000019073486,26.63999938998843,1.200000047683716,1.300000071525574,-9.0,-3.299999952316284,2.400000095367432,2.900000095367432,1.38999998599537
1226,2003-03-16,41.9952,122.8224,58.5,11.0,23.32999992399306,2.200000047683716,11.60000038146973,-2.299999952316284,3.200000047683716,8.699999809265137,3.799999952316284,4.0
1227,2003-04-16,41.9952,122.8224,52.79999923706055,11.90000057220459,3.119999885995371,4.0,25.30000114440918,6.200000286102295,12.10000038146973,18.10000038146973,6.5,4.329999923993055
1228,2003-05-16,41.9952,122.8224,54.5,12.10000038146973,0.0,5.0,22.30000114440918,12.90000057220459,18.89999961853027,25.0,11.10000038146973,6.210000037997685
1229,2003-06-16,41.9952,122.8224,62.5,10.30000019073486,0.0,4.700000286102295,105.4000015258789,17.5,22.60000038146973,27.80000114440918,17.10000038146973,12.88000011399306
1230,2003-07-16,41.9952,122.8224,76.5999984741211,7.700000286102295,0.0,3.700000047683716,114.2000045776367,20.60000038146973,24.39999961853027,28.30000114440918,22.70000076293945,12.069999695
1231,2003-08-16,41.9952,122.8224,59.0,9.800000190734863,0.0,3.799999952316284,111.2000045776367,18.80000114440918,23.70000076293945,28.60000038146973,21.70000076293945,10.569999695
1232,2003-09-16,41.9952,122.8224,55.29999923706055,10.30000019073486,0.0,3.100000143051147,43.0,13.90000057220459,19.0,24.20000076293945,15.0,6.509999751990741
1233,2003-10-16,41.9952,122.8224,39.60000228881836,10.60000038146973,4.449999808993056,2.200000047683716,83.5,5.5,10.80000019073486,16.10000038146973,8.100000381469727,10.86999988599537
1234,2003-11-16,41.9952,122.8224,56.20000076293945,9.100000381469727,23.47999954199074,1.100000023841858,13.69999980926514,-3.100000143051147,1.5,6.099999904632568,4.599999904632568,5.089999675995371
1235,2003-12-16,41.9952,122.8224,28.30000114440918,10.40000057220459,30.34000015299768,0.800000011920929,5.0,-10.69999980926514,-5.5,-0.300000011920929,2.299999952316284,3.199999808993056
1236,2004-01-16,41.9952,122.8224,27.20000076293945,10.60000038146973,30.98999977099537,0.800000011920929,0.699999988079071,-13.60000038146973,-8.300000190734863,-3.0,1.700000047683716,1.02999997099537
1237,2004-02-15,41.9952,122.8224,28.5,10.30000019073486,27.17000007599537,1.200000047683716,9.5,-8.300000190734863,-3.100000143051147,2.100000143051147,2.700000047683716,4.659999846990741
1238,2004-03-16,41.9952,122.8224,27.70000076293945,11.40000057220459,23.90999984699074,2.400000095367432,4.200000286102295,-2.799999952316284,2.900000095367432,8.600000381469727,3.400000095367432,1.110000013993055
1239,2004-04-16,41.9952,122.8224,38.79999923706055,11.80000019073486,3.439999818993056,4.200000286102295,21.5,6.0,11.90000057220459,17.80000114440918,6.099999904632568,4.230000018993056
1240,2004-05-16,41.9952,122.8224,60.20000076293945,11.30000019073486,0.0,4.800000190734863,34.70000076293945,12.40000057220459,18.0,23.70000076293945,10.30000019073486,7.51999998099537
1241,2004-06-16,41.9952,122.8224,55.60000228881836,10.69999980926514,0.0,5.5,75.70000457763672,19.0,24.30000114440918,29.70000076293945,16.30000114440918,9.819999695
1242,2004-07-16,41.9952,122.8224,76.5,7.700000286102295,0.0,3.799999952316284,230.6000061035156,21.20000076293945,25.0,28.89999961853027,23.80000114440918,15.069999695
1243,2004-08-16,41.9952,122.8224,60.40000152587891,9.300000190734863,0.0,3.900000095367432,96.5,19.60000038146973,24.20000076293945,28.89999961853027,21.0,10.47999954199074
1244,2004-09-16,41.9952,122.8224,47.40000152587891,11.0,0.0,3.400000095367432,56.60000228881836,14.0,19.5,25.0,14.69999980926514,6.899999618993055
1245,2004-10-16,41.9952,122.8224,33.79999923706055,12.19999980926514,3.559999942997685,2.600000143051147,17.39999961853027,6.0,12.10000038146973,18.20000076293945,7.700000286102295,5.210000037997686
1246,2004-11-16,41.9952,122.8224,36.29999923706055,9.600000381469727,20.59000015299769,1.200000047683716,34.70000076293945,-1.300000071525574,3.5,8.300000190734863,5.200000286102295,8.130000113993056
1247,2004-12-16,41.9952,122.8224,38.20000076293945,10.69999980926514,30.77999877899306,0.5,14.0,-12.10000038146973,-6.700000286102295,-1.399999976158142,2.799999952316284,6.179999827997685
1248,2005-01-16,41.9952,122.8224,24.5,10.30000019073486,31.0,0.6000000238418579,4.700000286102295,-14.40000057220459,-9.199999809265137,-4.099999904632568,1.899999976158142,2.710000037997685
1249,2005-02-15,41.9952,122.8224,33.40000152587891,10.0,28.0,0.9000000357627869,4.800000190734863,-13.80000019073486,-8.800000190734863,-3.799999952316284,1.800000071525574,3.25999999
1250,2005-03-16,41.9952,122.8224,16.39999961853027,11.5,25.87999916099537,2.299999952316284,0.5,-4.599999904632568,1.200000047683716,7.0,2.900000095367432,0.5799999829976852
1251,2005-04-16,41.9952,122.8224,46.29999923706055,11.5,3.609999895,4.0,54.90000152587891,5.900000095367432,11.60000038146973,17.39999961853027,6.099999904632568,7.399999618993055
1252,2005-05-16,41.9952,122.8224,61.29999923706055,10.80000019073486,0.0,4.599999904632568,96.9000015258789,11.60000038146973,17.0,22.39999961853027,9.699999809265137,12.38999939
1253,2005-06-16,41.9952,122.8224,67.70000457763672,8.40000057220459,0.0,4.400000095367432,127.8000030517578,18.80000114440918,23.0,27.20000076293945,18.70000076293945,15.63999938998843
1254,2005-07-16,41.9952,122.8224,72.20000457763672,7.599999904632568,0.0,3.900000095367432,139.1000061035156,21.89999961853027,25.70000076293945,29.5,24.70000076293945,13.55999946599537
1255,2005-08-16,41.9952,122.8224,72.4000015258789,8.40000057220459,0.0,3.400000095367432,158.6000061035156,20.30000114440918,24.5,28.70000076293945,23.39999961853027,12.76999950399306
1256,2005-09-16,41.9952,122.8224,42.20000076293945,11.60000038146973,0.0,3.5,41.60000228881836,13.80000019073486,19.60000038146973,25.39999961853027,14.5,6.46999979
1257,2005-10-16,41.9952,122.8224,34.40000152587891,12.10000038146973,4.269999980995371,2.400000095367432,35.79999923706055,5.599999904632568,11.60000038146973,17.70000076293945,7.900000095367432,6.549999713993055
1258,2005-11-16,41.9952,122.8224,28.80000114440918,10.60000038146973,21.77000045799769,1.399999976158142,2.100000143051147,-1.800000071525574,3.5,8.800000190734863,4.599999904632568,1.429999947997685
1259,2005-12-16,41.9952,122.8224,17.10000038146973,9.199999809265137,31.0,0.5,3.200000047683716,-14.5,-9.90000057220459,-5.300000190734863,1.899999976158142,2.25999999
1260,2006-01-16,41.9952,122.8224,22.30000114440918,11.69999980926514,31.0,0.6000000238418579,5.599999904632568,-14.69999980926514,-8.800000190734863,-3.0,2.200000047683716,3.980000018993055
1261,2006-02-15,41.9952,122.8224,40.90000152587891,10.0,27.53999900799769,1.0,10.90000057220459,-11.10000038146973,-6.099999904632568,-1.100000023841858,2.299999952316284,4.48999977099537
1262,2006-03-16,41.9952,122.8224,39.79999923706055,10.40000057220459,24.14999961899306,2.200000047683716,4.200000286102295,-3.0,2.200000047683716,7.400000095367432,3.200000047683716,2.470000028993056
1263,2006-04-16,41.9952,122.8224,52.0,10.69999980926514,7.819999695000001,3.400000095367432,32.90000152587891,3.799999952316284,9.100000381469727,14.5,5.700000286102295,7.190000056990741
1264,2006-05-16,41.9952,122.8224,56.29999923706055,11.69999980926514,0.0,5.0,31.39999961853027,12.5,18.30000114440918,24.20000076293945,10.19999980926514,7.149999618993055
1265,2006-06-16,41.9952,122.8224,64.80000305175781,9.40000057220459,0.0,4.400000095367432,128.8000030517578,17.39999961853027,22.10000038146973,26.80000114440918,17.39999961853027,13.73999977099537
1266,2006-07-16,41.9952,122.8224,71.80000305175781,7.800000190734863,0.0,3.900000095367432,85.5,20.70000076293945,24.60000038146973,28.5,23.10000038146973,10.69999980899306
1267,2006-08-16,41.9952,122.8224,63.40000152587891,8.800000190734863,0.0,3.900000095367432,112.5999984741211,21.0,25.39999961853027,29.80000114440918,23.5,11.09999942799769
1268,2006-09-16,41.9952,122.8224,41.40000152587891,12.5,0.0,3.600000143051147,36.70000076293945,12.90000057220459,19.10000038146973,25.39999961853027,13.90000057220459,5.86999988599537
1269,2006-10-16,41.9952,122.8224,36.20000076293945,12.0,2.450000047997685,2.400000095367432,51.70000076293945,6.700000286102295,12.69999980926514,18.70000076293945,8.800000190734863,8.11999988599537
1270,2006-11-16,41.9952,122.8224,31.30000114440918,10.40000057220459,23.36999893199074,1.200000047683716,16.39999961853027,-3.0,2.200000047683716,7.400000095367432,4.599999904632568,5.199999808993056
1271,2006-12-16,41.9952,122.8224,27.0,10.10000038146973,30.20999908399306,0.699999988079071,0.300000011920929,-10.40000057220459,-5.300000190734863,-0.300000011920929,2.600000143051147,0.6899999979976852
1272,2007-01-16,41.9952,122.8224,29.5,10.80000019073486,30.67999839799769,0.800000011920929,3.0,-11.69999980926514,-6.300000190734863,-0.9000000357627869,2.299999952316284,2.690000056990741
1273,2007-02-15,41.9952,122.8224,31.0,10.90000057220459,24.84000015299768,1.399999976158142,5.0,-6.300000190734863,-0.800000011920929,4.700000286102295,3.100000143051147,2.0
1274,2007-03-16,41.9952,122.8224,38.90000152587891,9.5,23.79999923699074,1.899999976158142,42.40000152587891,-2.700000047683716,2.100000143051147,6.900000095367432,4.300000190734863,7.599999905
1275,2007-04-16,41.9952,122.8224,43.79999923706055,11.69999980926514,6.069999695000001,3.700000047683716,23.30000114440918,4.599999904632568,10.40000057220459,16.30000114440918,6.099999904632568,4.699999808993056
1276,2007-05-16,41.9952,122.8224,53.10000228881836,12.10000038146973,0.0,5.0,56.70000076293945,12.30000019073486,18.30000114440918,24.39999961853027,10.40000057220459,9.22999954199074
1277,2007-06-16,41.9952,122.8224,45.79999923706055,10.69999980926514,0.0,5.700000286102295,36.70000076293945,19.10000038146973,24.39999961853027,29.80000114440918,16.80000114440918,7.73999977099537
1278,2007-07-16,41.9952,122.8224,72.5,8.40000057220459,0.0,4.0,141.8000030517578,20.60000038146973,24.80000114440918,29.0,22.60000038146973,13.03999996199074
1279,2007-08-16,41.9952,122.8224,58.79999923706055,8.800000190734863,0.0,3.900000095367432,121.0,20.5,24.89999961853027,29.30000114440918,22.80000114440918,10.5
1280,2007-09-16,41.9952,122.8224,46.79999923706055,12.19999980926514,0.0,3.5,42.10000228881836,13.60000038146973,19.70000076293945,25.80000114440918,14.90000057220459,6.049999713993055
1281,2007-10-16,41.9952,122.8224,42.90000152587891,11.80000019073486,5.230000018993056,2.200000047683716,37.20000076293945,5.099999904632568,11.0,16.89999961853027,8.0,7.819999695000001
1282,2007-11-16,41.9952,122.8224,33.79999923706055,10.0,23.90999984699074,1.100000023841858,14.90000057220459,-3.5,1.5,6.5,4.400000095367432,5.150000095
1283,2007-12-16,41.9952,122.8224,28.5,10.0,29.76999854998843,0.699999988079071,8.90000057220459,-9.5,-4.5,0.5,2.799999952316284,5.279999732997685
1284,2008-01-16,41.9952,122.8224,0.0,10.60000038146973,31.0,0.6000000238418579,0.1000000014901161,-15.0,-9.699999809265137,-4.400000095367432,1.800000071525574,0.01
1285,2008-02-15,41.9952,122.8224,6.200000286102295,12.30000019073486,28.67000007599537,1.200000047683716,0.699999988079071,-11.60000038146973,-5.400000095367432,0.800000011920929,2.100000143051147,0.4599999789930555
1286,2008-03-16,41.9952,122.8224,40.10000228881836,11.10000038146973,18.97999954199074,2.5,14.5,-0.4000000059604645,5.200000286102295,10.80000019073486,4.300000190734863,5.299999713993055
1287,2008-04-16,41.9952,122.8224,42.10000228881836,12.10000038146973,1.969999908993056,4.200000286102295,43.0,7.0,13.0,19.10000038146973,7.0,7.009999751990741
1288,2008-05-16,41.9952,122.8224,59.79999923706055,10.69999980926514,0.0,4.5,63.29999923706055,11.69999980926514,17.0,22.39999961853027,10.5,9.60999965699074
1289,2008-06-16,41.9952,122.8224,63.70000076293945,9.199999809265137,0.0,4.400000095367432,95.30000305175781,17.60000038146973,22.20000076293945,26.80000114440918,17.89999961853027,12.42999935199074
1290,2008-07-16,41.9952,122.8224,72.0999984741211,7.700000286102295,0.0,3.900000095367432,177.3000030517578,21.80000114440918,25.60000038146973,29.5,25.10000038146973,14.88000011399306
1291,2008-08-16,41.9952,122.8224,51.40000152587891,8.90000057220459,0.0,4.0,101.9000015258789,20.0,24.39999961853027,28.89999961853027,22.39999961853027,10.43999958
1292,2008-09-16,41.9952,122.8224,35.79999923706055,11.80000019073486,0.0,3.600000143051147,40.60000228881836,13.30000019073486,19.20000076293945,25.10000038146973,14.0,5.75
1293,2008-10-16,41.9952,122.8224,34.40000152587891,11.80000019073486,2.75,2.5,28.30000114440918,6.5,12.40000057220459,18.30000114440918,8.40000057220459,5.879999637997686
1294,2008-11-16,41.9952,122.8224,14.10000038146973,11.10000038146973,23.90999984699074,1.300000071525574,4.900000095367432,-3.5,2.100000143051147,7.700000286102295,4.300000190734863,2.669999837997685
1295,2008-12-16,41.9952,122.8224,13.60000038146973,10.30000019073486,30.25,0.800000011920929,4.900000095367432,-10.5,-5.300000190734863,-0.2000000029802322,2.400000095367432,2.0
1296,2009-01-16,41.9952,122.8224,5.0,11.30000019073486,31.0,0.6000000238418579,3.600000143051147,-14.19999980926514,-8.5,-2.900000095367432,2.100000143051147,2.039999961990741
1297,2009-02-15,41.9952,122.8224,15.19999980926514,11.69999980926514,27.20999908399306,1.200000047683716,19.0,-10.19999980926514,-4.300000190734863,1.600000023841858,2.600000143051147,5.480000018993056
1298,2009-03-16,41.9952,122.8224,15.40000057220459,9.90000057220459,24.14999961899306,2.200000047683716,6.800000190734863,-3.0,2.0,7.0,3.600000143051147,3.689999818993056
1299,2009-04-16,41.9952,122.8224,40.79999923706055,12.30000019073486,3.949999808993056,4.099999904632568,71.30000305175781,5.700000286102295,11.80000019073486,18.0,6.200000286102295,9.079999923993055
1300,2009-05-16,41.9952,122.8224,48.90000152587891,12.5,0.0,5.5,34.60000228881836,13.5,19.70000076293945,26.0,10.40000057220459,7.46999979
1301,2009-06-16,41.9952,122.8224,52.10000228881836,9.5,0.0,4.900000095367432,92.9000015258789,17.39999961853027,22.10000038146973,26.89999961853027,16.70000076293945,12.40999984699074
1302,2009-07-16,41.9952,122.8224,63.5,8.300000190734863,0.0,4.099999904632568,106.8000030517578,20.39999961853027,24.5,28.70000076293945,22.70000076293945,11.71999931299768
1303,2009-08-16,41.9952,122.8224,58.60000228881836,10.10000038146973,0.0,4.099999904632568,64.5999984741211,19.60000038146973,24.60000038146973,29.70000076293945,21.39999961853027,8.10999965699074
1304,2009-09-16,41.9952,122.8224,44.60000228881836,12.0,0.0,3.400000095367432,25.0,12.69999980926514,18.70000076293945,24.70000076293945,13.69999980926514,4.110000133993056
1305,2009-10-16,41.9952,122.8224,37.0,12.10000038146973,3.909999846990741,2.5,46.70000076293945,5.800000190734863,11.80000019073486,17.89999961853027,7.700000286102295,7.399999618993055
1306,2009-11-16,41.9952,122.8224,33.90000152587891,9.300000190734863,26.180000305,0.800000011920929,11.80000019073486,-5.800000190734863,-1.100000023841858,3.600000143051147,4.099999904632568,4.929999827997685
1307,2009-12-16,41.9952,122.8224,18.60000038146973,10.30000019073486,30.98999977099537,0.5,9.800000190734863,-13.60000038146973,-8.40000057220459,-3.299999952316284,2.400000095367432,5.269999980995371
1308,2010-01-16,41.9952,122.8224,9.800000190734863,9.800000190734863,31.0,0.5,7.099999904632568,-15.30000019073486,-10.40000057220459,-5.5,2.0,4.409999846990741
1309,2010-02-15,41.9952,122.8224,28.60000038146973,9.5,27.680000305,0.800000011920929,10.90000057220459,-11.60000038146973,-6.800000190734863,-2.100000143051147,2.5,4.210000037997686
1310,2010-03-16,41.9952,122.8224,27.89999961853027,9.0,26.38999939,1.700000047683716,21.60000038146973,-5.099999904632568,-0.6000000238418579,3.900000095367432,3.5,6.079999923993056
1311,2010-04-16,41.9952,122.8224,54.10000228881836,10.0,10.92999935199074,3.0,53.10000228881836,2.5,7.5,12.5,5.5,8.380000113993056
1312,2010-05-16,41.9952,122.8224,61.60000228881836,10.40000057220459,0.0,4.300000190734863,97.9000015258789,12.40000057220459,17.60000038146973,22.80000114440918,11.5,12.67000007599537
1313,2010-06-16,41.9952,122.8224,50.10000228881836,11.0,0.0,5.300000190734863,33.0,18.10000038146973,23.60000038146973,29.10000038146973,17.60000038146973,6.980000018993056
1314,2010-07-16,41.9952,122.8224,76.0999984741211,6.900000095367432,0.0,3.799999952316284,205.6000061035156,22.39999961853027,25.80000114440918,29.30000114440918,24.80000114440918,15.5
1315,2010-08-16,41.9952,122.8224,61.79999923706055,8.100000381469727,0.0,3.799999952316284,269.2000122070312,20.5,24.5,28.60000038146973,22.60000038146973,14.09000015299769
1316,2010-09-16,41.9952,122.8224,53.90000152587891,10.69999980926514,0.0,3.200000047683716,81.80000305175781,13.80000019073486,19.10000038146973,24.5,14.90000057220459,7.63999986599537
1317,2010-10-16,41.9952,122.8224,39.20000076293945,11.10000038146973,6.059999942997685,2.0,70.5,4.700000286102295,10.19999980926514,15.80000019073486,8.300000190734863,9.630000113993056
1318,2010-11-16,41.9952,122.8224,41.10000228881836,9.100000381469727,23.02999877899305,1.200000047683716,31.10000038146973,-2.700000047683716,1.899999976158142,6.5,4.5,8.019999503993056
1319,2010-12-16,41.9952,122.8224,12.5,9.5,30.85999870299769,0.5,8.90000057220459,-12.5,-7.700000286102295,-3.0,2.400000095367432,4.799999713993055
1320,2011-01-16,41.9952,122.8224,0.0,10.80000019073486,31.0,0.5,0.2000000029802322,-18.39999961853027,-13.0,-7.599999904632568,1.5,0.359999985
1321,2011-02-15,41.9952,122.8224,26.10000038146973,10.5,27.15999984699074,1.0,3.799999952316284,-10.10000038146973,-4.800000190734863,0.5,2.700000047683716,2.460000037997685
1322,2011-03-16,41.9952,122.8224,9.0,11.0,24.819999695,2.400000095367432,2.0,-3.600000143051147,1.899999976158142,7.400000095367432,3.100000143051147,0.8899999859953703
1323,2011-04-16,41.9952,122.8224,40.79999923706055,12.19999980926514,7.35999965699074,3.799999952316284,23.30000114440918,4.0,10.10000038146973,16.20000076293945,5.599999904632568,5.75999975199074
1324,2011-05-16,41.9952,122.8224,53.79999923706055,11.60000038146973,0.0,4.900000095367432,43.20000076293945,11.80000019073486,17.60000038146973,23.39999961853027,9.800000190734863,8.88999939
1325,2011-06-16,41.9952,122.8224,60.60000228881836,9.0,0.0,4.700000286102295,86.4000015258789,18.10000038146973,22.60000038146973,27.10000038146973,16.89999961853027,11.60999965699074
1326,2011-07-16,41.9952,122.8224,69.0,7.700000286102295,0.0,4.099999904632568,116.5,21.70000076293945,25.5,29.39999961853027,24.10000038146973,12.509999275
1327,2011-08-16,41.9952,122.8224,63.90000152587891,8.5,0.0,3.700000047683716,148.0,20.5,24.70000076293945,29.0,23.10000038146973,12.42000007599537
1328,2011-09-16,41.9952,122.8224,38.20000076293945,12.19999980926514,0.0,3.600000143051147,25.89999961853027,12.10000038146973,18.20000076293945,24.30000114440918,12.19999980926514,4.579999923993055
1329,2011-10-16,41.9952,122.8224,36.70000076293945,12.19999980926514,4.449999808993056,2.400000095367432,24.60000038146973,5.5,11.60000038146973,17.70000076293945,7.900000095367432,6.46999979
1330,2011-11-16,41.9952,122.8224,29.0,9.40000057220459,21.77000045799769,1.100000023841858,25.0,-1.800000071525574,2.900000095367432,7.599999904632568,5.200000286102295,6.899999618993055
1331,2011-12-16,41.9952,122.8224,28.60000038146973,10.30000019073486,30.89999961899306,0.699999988079071,0.300000011920929,-12.69999980926514,-7.5,-2.400000095367432,2.100000143051147,0.5
1332,2012-01-16,41.9952,122.8224,0.0,10.69999980926514,31.0,0.5,0.6000000238418579,-15.90000057220459,-10.5,-5.200000286102295,1.800000071525574,1.49000001
1333,2012-02-15,41.9952,122.8224,8.699999809265137,11.30000019073486,28.92000007599537,1.100000023841858,6.5,-12.80000019073486,-7.099999904632568,-1.5,1.800000071525574,3.819999932997685
1334,2012-03-16,41.9952,122.8224,26.5,9.600000381469727,24.930000305,2.0,23.80000114440918,-3.700000047683716,1.100000023841858,5.900000095367432,3.400000095367432,6.079999923993056
1335,2012-04-16,41.9952,122.8224,41.10000228881836,11.5,5.059999942997685,3.799999952316284,66.30000305175781,5.099999904632568,10.80000019073486,16.60000038146973,6.400000095367432,8.599999427997686
1336,2012-05-16,41.9952,122.8224,54.0,12.80000019073486,0.0,5.300000190734863,28.20000076293945,12.80000019073486,19.20000076293945,25.60000038146973,10.19999980926514,6.819999695000001
1337,2012-06-16,41.9952,122.8224,66.70000457763672,8.5,0.0,4.400000095367432,132.6999969482422,18.5,22.70000076293945,27.0,18.39999961853027,14.88000011399306
1338,2012-07-16,41.9952,122.8224,65.70000457763672,7.700000286102295,0.0,4.200000286102295,133.9000091552734,21.80000114440918,25.60000038146973,29.5,24.39999961853027,13.61999988599537
1339,2012-08-16,41.9952,122.8224,53.29999923706055,8.90000057220459,0.0,4.0,202.6000061035156,20.10000038146973,24.5,29.0,22.5,13.34000015299769
1340,2012-09-16,41.9952,122.8224,48.79999923706055,10.40000057220459,0.0,3.200000047683716,79.5,13.80000019073486,19.0,24.20000076293945,14.60000038146973,9.319999694988427
1341,2012-10-16,41.9952,122.8224,33.5,11.60000038146973,5.029999732997685,2.299999952316284,62.90000152587891,5.200000286102295,11.0,16.80000114440918,8.0,9.789999961990741
1342,2012-11-16,41.9952,122.8224,41.29999923706055,8.5,24.34000015299768,1.0,33.5,-3.900000095367432,0.4000000059604645,4.700000286102295,4.300000190734863,8.019999503993056
1343,2012-12-16,41.9952,122.8224,13.60000038146973,9.100000381469727,31.0,0.4000000059604645,12.40000057220459,-15.30000019073486,-10.69999980926514,-6.200000286102295,2.0,5.659999846990741
1344,2013-01-16,41.9952,122.8224,14.90000057220459,10.80000019073486,31.0,0.300000011920929,3.0,-16.60000038146973,-11.19999980926514,-5.800000190734863,2.200000047683716,2.409999846990741
1345,2013-02-15,41.9952,122.8224,21.20000076293945,10.30000019073486,27.930000305,0.800000011920929,12.60000038146973,-12.90000057220459,-7.700000286102295,-2.600000143051147,2.400000095367432,5.089999675995371
1346,2013-03-16,41.9952,122.8224,37.40000152587891,9.5,25.680000305,1.800000071525574,15.19999980926514,-4.400000095367432,0.4000000059604645,5.200000286102295,3.5,5.150000095
1347,2013-04-16,41.9952,122.8224,48.10000228881836,10.10000038146973,10.18999958,3.100000143051147,44.60000228881836,2.799999952316284,7.800000190734863,12.90000057220459,5.599999904632568,7.25
1348,2013-05-16,41.9952,122.8224,52.0,11.90000057220459,0.0,5.0,14.5,12.90000057220459,18.80000114440918,24.80000114440918,11.19999980926514,4.73999977099537
1349,2013-06-16,41.9952,122.8224,58.0,9.40000057220459,0.0,4.700000286102295,77.5,18.39999961853027,23.10000038146973,27.80000114440918,18.5,11.17999935199074
1350,2013-07-16,41.9952,122.8224,61.60000228881836,8.199999809265137,0.0,4.300000190734863,192.1000061035156,21.70000076293945,25.80000114440918,29.89999961853027,25.0,14.96999931299768
1351,2013-08-16,41.9952,122.8224,66.70000457763672,8.300000190734863,0.0,3.700000047683716,138.9000091552734,21.39999961853027,25.5,29.70000076293945,24.0,11.42000007599537
1352,2013-09-16,41.9952,122.8224,48.40000152587891,11.30000019073486,0.0,3.299999952316284,58.5,13.30000019073486,18.89999961853027,24.60000038146973,14.30000019073486,6.319999694988426
1353,2013-10-16,41.9952,122.8224,41.0,10.5,3.389999865995371,2.100000143051147,75.5,6.099999904632568,11.30000019073486,16.60000038146973,8.600000381469727,10.51000022899306
1354,2013-11-16,41.9952,122.8224,36.20000076293945,9.5,22.569999695,1.200000047683716,12.80000019073486,-2.299999952316284,2.5,7.300000190734863,4.599999904632568,4.67000007599537
1355,2013-12-16,41.9952,122.8224,12.19999980926514,10.0,30.51999854998843,0.6000000238418579,2.600000143051147,-11.19999980926514,-6.200000286102295,-1.200000047683716,2.600000143051147,2.36999988599537
1356,2014-01-16,41.9952,122.8224,2.400000095367432,11.30000019073486,30.95999908399306,0.6000000238418579,3.799999952316284,-13.19999980926514,-7.5,-1.899999976158142,2.400000095367432,2.829999923993055
1357,2014-02-15,41.9952,122.8224,24.89999961853027,10.90000057220459,27.46999931299769,1.0,3.600000143051147,-10.90000057220459,-5.400000095367432,0.1000000014901161,2.700000047683716,2.220000028993056
1358,2014-03-16,41.9952,122.8224,15.5,12.19999980926514,22.01000022899306,2.5,10.40000057220459,-1.600000023841858,4.5,10.60000038146973,4.300000190734863,3.230000018993055
1359,2014-04-16,41.9952,122.8224,32.40000152587891,13.80000019073486,2.960000037997685,4.5,6.700000286102295,6.300000190734863,13.19999980926514,20.10000038146973,6.700000286102295,1.959999918993055
1360,2014-05-16,41.9952,122.8224,55.29999923706055,12.19999980926514,0.0,4.800000190734863,85.80000305175781,11.90000057220459,18.0,24.10000038146973,11.10000038146973,11.21999931299768
1361,2014-06-16,41.9952,122.8224,61.40000152587891,9.699999809265137,0.0,4.700000286102295,94.4000015258789,18.70000076293945,23.5,28.39999961853027,18.60000038146973,11.97999954199074
1362,2014-07-16,41.9952,122.8224,66.0,9.0,0.0,4.400000095367432,71.9000015258789,21.39999961853027,25.89999961853027,30.39999961853027,23.5,8.48999977099537
1363,2014-08-16,41.9952,122.8224,48.40000152587891,10.80000019073486,0.0,4.200000286102295,36.29999923706055,19.10000038146973,24.5,29.89999961853027,21.89999961853027,6.690000056990741
1364,2014-09-16,41.9952,122.8224,39.29999923706055,13.0,0.0,3.400000095367432,63.0,12.10000038146973,18.60000038146973,25.10000038146973,14.40000057220459,8.639999389988425
1365,2014-10-16,41.9952,122.8224,38.10000228881836,12.40000057220459,5.029999732997685,2.299999952316284,24.39999961853027,5.200000286102295,11.40000057220459,17.60000038146973,8.40000057220459,4.409999846990741
1366,2014-11-16,41.9952,122.8224,20.30000114440918,11.30000019073486,22.45999908399305,1.399999976158142,5.5,-2.200000047683716,3.5,9.199999809265137,4.599999904632568,2.25
1367,2014-12-16,41.9952,122.8224,24.5,10.40000057220459,30.93999862699074,0.6000000238418579,9.90000057220459,-13.0,-7.800000190734863,-2.600000143051147,2.100000143051147,4.110000133993056
1368,2015-01-16,41.9952,122.8224,20.89999961853027,11.40000057220459,30.93999862699074,0.6000000238418579,7.200000286102295,-13.0,-7.300000190734863,-1.600000023841858,2.5,3.480000018993055
1369,2015-02-15,41.9952,122.8224,28.5,11.30000019073486,26.98999977099537,1.100000023841858,13.0,-9.699999809265137,-4.0,1.700000047683716,2.900000095367432,4.940000056990741
1370,2015-03-16,41.9952,122.8224,22.70000076293945,11.40000057220459,23.32999992399306,2.400000095367432,5.400000095367432,-2.299999952316284,3.400000095367432,9.100000381469727,3.600000143051147,2.180000066990741
1371,2015-04-16,41.9952,122.8224,40.20000076293945,13.0,4.309999942997685,4.099999904632568,51.40000152587891,5.5,12.0,18.5,6.599999904632568,7.21999979
1372,2015-05-16,41.9952,122.8224,54.40000152587891,11.80000019073486,0.0,4.900000095367432,65.5999984741211,12.19999980926514,18.10000038146973,24.0,10.40000057220459,9.569999695
1373,2015-06-16,41.9952,122.8224,55.70000076293945,10.10000038146973,0.0,4.800000190734863,100.5,17.89999961853027,22.89999961853027,28.0,18.0,12.88000011399306
1374,2015-07-16,41.9952,122.8224,61.20000076293945,9.699999809265137,0.0,4.5,77.9000015258789,21.0,25.80000114440918,30.70000076293945,23.30000114440918,10.69999980899306
1375,2015-08-16,41.9952,122.8224,59.10000228881836,9.199999809265137,0.0,3.900000095367432,116.5,20.30000114440918,24.89999961853027,29.5,23.20000076293945,11.78999996199074
1376,2015-09-16,41.9952,122.8224,40.60000228881836,12.30000019073486,0.0,3.5,33.0,13.30000019073486,19.39999961853027,25.60000038146973,14.69999980926514,4.650000095
1377,2015-10-16,41.9952,122.8224,36.90000152587891,12.10000038146973,4.639999865995371,2.299999952316284,51.40000152587891,5.400000095367432,11.40000057220459,17.5,8.100000381469727,7.86999988599537
1378,2015-11-16,41.9952,122.8224,60.0,8.100000381469727,23.90999984699074,0.800000011920929,26.60000038146973,-3.5,0.6000000238418579,4.700000286102295,5.099999904632568,7.009999751990741
1379,2015-12-16,41.9952,122.8224,37.0,9.600000381469727,29.87999916099537,0.6000000238418579,10.90000057220459,-9.699999809265137,-4.900000095367432,-0.1000000014901161,3.100000143051147,4.849999905
1380,2016-01-16,41.9952,122.8224,0.0,10.5,31.0,0.5,1.700000047683716,-16.0,-10.69999980926514,-5.5,1.899999976158142,1.610000013993056
1381,2016-02-15,41.9952,122.8224,18.5,11.60000038146973,28.42000007599537,1.100000023841858,10.0,-10.80000019073486,-5.0,0.800000011920929,2.600000143051147,4.230000018993056
1382,2016-03-16,41.9952,122.8224,15.30000019073486,11.19999980926514,21.52000045799769,2.5,6.599999904632568,-1.399999976158142,4.200000286102295,9.800000190734863,4.0,2.669999837997685
1383,2016-04-16,41.9952,122.8224,39.29999923706055,11.30000019073486,2.809999942997685,4.0,33.0,6.400000095367432,12.0,17.70000076293945,6.700000286102295,5.629999637997686
1384,2016-05-16,41.9952,122.8224,52.40000152587891,11.80000019073486,0.0,5.200000286102295,88.5,12.90000057220459,18.80000114440918,24.70000076293945,10.40000057220459,11.42000007599537
1385,2016-06-16,41.9952,122.8224,58.90000152587891,10.5,0.0,4.900000095367432,96.0,17.80000114440918,23.0,28.30000114440918,17.10000038146973,11.05000019099537
1386,2016-07-16,41.9952,122.8224,69.0,8.800000190734863,0.0,4.200000286102295,210.1000061035156,21.80000114440918,26.20000076293945,30.60000038146973,24.80000114440918,12.5
1387,2016-08-16,41.9952,122.8224,53.90000152587891,9.5,0.0,4.200000286102295,102.5,21.10000038146973,25.80000114440918,30.60000038146973,23.80000114440918,10.39999961899306
1388,2016-09-16,41.9952,122.8224,43.0,10.40000057220459,0.0,3.200000047683716,55.70000076293945,14.5,19.70000076293945,24.89999961853027,16.30000114440918,7.699999808993055
1389,2016-10-16,41.9952,122.8224,43.5,10.90000057220459,5.429999827997685,1.899999976158142,42.5,5.0,10.40000057220459,15.90000057220459,8.90000057220459,8.649999618993055
1390,2016-11-16,41.9952,122.8224,37.60000228881836,10.0,25.62999916099537,0.9000000357627869,20.5,-5.200000286102295,-0.2000000029802322,4.800000190734863,4.300000190734863,6.129999637997686
1391,2016-12-16,41.9952,122.8224,35.79999923706055,10.69999980926514,30.25,0.6000000238418579,6.900000095367432,-10.5,-5.099999904632568,0.300000011920929,2.900000095367432,3.609999895
1392,2017-01-16,41.9952,122.8224,17.10000038146973,11.19999980926514,30.97999954199074,0.6000000238418579,6.300000190734863,-13.40000057220459,-7.800000190734863,-2.200000047683716,2.299999952316284,3.480000018993055
1393,2017-02-15,41.9952,122.8224,28.39999961853027,11.40000057220459,27.11999893199074,1.200000047683716,7.5,-10.0,-4.300000190734863,1.399999976158142,2.5,2.799999951990741
1394,2017-03-16,41.9952,122.8224,20.30000114440918,10.69999980926514,21.02000045799769,2.600000143051147,0.5,-1.200000047683716,4.200000286102295,9.600000381469727,3.700000047683716,0.4099999959953703
1395,2017-04-16,41.9952,122.8224,34.20000076293945,13.0,2.809999942997685,4.5,16.5,6.400000095367432,12.90000057220459,19.39999961853027,6.099999904632568,4.059999942997685
1396,2017-05-16,41.9952,122.8224,46.29999923706055,12.0,0.0,5.400000095367432,34.70000076293945,13.19999980926514,19.20000076293945,25.20000076293945,10.30000019073486,7.059999942997685
1397,2017-06-16,41.9952,122.8224,47.90000152587891,10.80000019073486,0.0,5.400000095367432,41.10000228881836,17.70000076293945,23.10000038146973,28.5,16.20000076293945,6.129999637997686
1398,2017-07-16,41.9952,122.8224,65.9000015258789,9.300000190734863,0.0,4.5,124.0999984741211,22.5,27.10000038146973,31.80000114440918,25.5,11.21999931299768
1399,2017-08-16,41.9952,122.8224,67.20000457763672,9.0,0.0,3.600000143051147,203.5,20.0,24.5,29.0,23.30000114440918,15.67000007599537
1400,2017-09-16,41.9952,122.8224,48.20000076293945,12.19999980926514,0.0,3.5,33.0,13.40000057220459,19.5,25.60000038146973,14.19999980926514,6.099999905
1401,2017-10-16,41.9952,122.8224,38.79999923706055,12.10000038146973,5.849999905,2.299999952316284,28.5,4.800000190734863,10.80000019073486,16.89999961853027,7.800000190734863,5.589999675995371
1402,2017-11-16,41.9952,122.8224,31.30000114440918,10.60000038146973,25.25,1.200000047683716,6.700000286102295,-4.800000190734863,0.5,5.800000190734863,3.799999952316284,2.549999951990741
1403,2017-12-16,41.9952,122.8224,7.300000190734863,10.69999980926514,30.90999984699074,0.699999988079071,1.100000023841858,-12.80000019073486,-7.400000095367432,-2.100000143051147,2.100000143051147,0.879999995
1404,2018-01-16,41.9952,122.8224,8.5,10.60000038146973,31.0,0.5,3.200000047683716,-15.69999980926514,-10.40000057220459,-5.099999904632568,1.800000071525574,1.669999956990741
1405,2018-02-15,41.9952,122.8224,20.0,11.5,27.96999931299769,1.0,5.5,-13.30000019073486,-7.5,-1.800000071525574,2.0,2.349999905
1406,2018-03-16,41.9952,122.8224,40.10000228881836,12.19999980926514,23.79999923699074,2.200000047683716,11.60000038146973,-2.700000047683716,3.400000095367432,9.5,4.200000286102295,4.190000056990741
1407,2018-04-16,41.9952,122.8224,48.70000076293945,11.90000057220459,3.119999885995371,4.0,21.70000076293945,6.200000286102295,12.10000038146973,18.10000038146973,6.5,5.46999979
1408,2018-05-16,41.9952,122.8224,57.29999923706055,11.69999980926514,0.0,4.900000095367432,58.0,12.90000057220459,18.70000076293945,24.60000038146973,11.19999980926514,9.079999923993055
1409,2018-06-16,41.9952,122.8224,51.70000076293945,10.0,0.0,5.200000286102295,69.9000015258789,18.5,23.5,28.5,17.39999961853027,10.819999695
1410,2018-07-16,41.9952,122.8224,65.4000015258789,7.900000095367432,0.0,4.400000095367432,94.0999984741211,23.39999961853027,27.30000114440918,31.30000114440918,26.89999961853027,10.34000015299769
1411,2018-08-16,41.9952,122.8224,63.20000076293945,8.5,0.0,3.700000047683716,190.3000030517578,21.0,25.20000076293945,29.5,24.39999961853027,12.90999984699074
1412,2018-09-16,41.9952,122.8224,46.79999923706055,11.30000019073486,0.0,3.400000095367432,52.5,13.10000038146973,18.70000076293945,24.39999961853027,13.5,7.699999808993055
1413,2018-10-16,41.9952,122.8224,31.70000076293945,12.0,6.059999942997685,2.400000095367432,29.30000114440918,4.700000286102295,10.69999980926514,16.70000076293945,7.200000286102295,5.5
1414,2018-11-16,41.9952,122.8224,25.10000038146973,10.40000057220459,22.68999862699074,1.300000071525574,10.5,-2.400000095367432,2.799999952316284,8.0,4.599999904632568,4.339999675995371
1415,2018-12-16,41.9952,122.8224,7.400000095367432,10.19999980926514,30.67999839799769,0.699999988079071,6.599999904632568,-11.69999980926514,-6.599999904632568,-1.5,2.100000143051147,3.119999885995371
1416,2019-01-16,41.9952,122.8224,0.0,12.0,30.819999695,0.9000000357627869,0.1000000014901161,-12.30000019073486,-6.300000190734863,-0.300000011920929,2.0,0.01
1417,2019-02-15,41.9952,122.8224,24.0,11.80000019073486,27.25,1.200000047683716,3.700000047683716,-10.30000019073486,-4.400000095367432,1.5,2.299999952316284,3.449999808993056
1418,2019-03-16,41.9952,122.8224,27.70000076293945,11.90000057220459,21.02000045799769,2.600000143051147,14.69999980926514,-1.200000047683716,4.800000190734863,10.80000019073486,3.799999952316284,4.339999675995371
1419,2019-04-16,41.9952,122.8224,40.29999923706055,12.80000019073486,5.460000037997686,4.200000286102295,12.30000019073486,4.900000095367432,11.30000019073486,17.70000076293945,5.700000286102295,3.379999875995371
1420,2019-05-16,41.9952,122.8224,50.60000228881836,12.60000038146973,0.0,5.5,76.0,13.0,19.30000114440918,25.60000038146973,9.800000190734863,9.329999923993055
1421,2019-06-16,41.9952,122.8224,59.0,10.30000019073486,0.0,4.800000190734863,91.20000457763672,17.5,22.60000038146973,27.80000114440918,17.20000076293945,10.88000011399306
1422,2019-07-16,41.9952,122.8224,69.30000305175781,9.100000381469727,0.0,4.200000286102295,83.80000305175781,21.70000076293945,26.20000076293945,30.80000114440918,24.60000038146973,9.86999988599537
1423,2019-08-16,41.9952,122.8224,72.80000305175781,8.100000381469727,0.0,3.5,211.1000061035156,20.60000038146973,24.60000038146973,28.70000076293945,23.10000038146973,14.009999275
1424,2019-09-16,41.9952,122.8224,41.29999923706055,13.0,0.0,3.600000143051147,45.70000076293945,13.60000038146973,20.10000038146973,26.60000038146973,15.0,5.789999961990741
1425,2019-10-16,41.9952,122.8224,33.90000152587891,12.80000019073486,4.639999865995371,2.400000095367432,19.20000076293945,5.400000095367432,11.80000019073486,18.20000076293945,8.199999809265137,4.86999988599537
1426,2019-11-16,41.9952,122.8224,25.0,11.10000038146973,24.43999862699074,1.200000047683716,25.10000038146973,-4.0,1.600000023841858,7.200000286102295,4.200000286102295,6.11999988599537
1427,2019-12-16,41.9952,122.8224,28.20000076293945,10.60000038146973,30.61999893199074,0.6000000238418579,13.5,-11.5,-6.200000286102295,-0.9000000357627869,2.700000047683716,4.089999675995371
1428,2020-01-16,41.9952,122.8224,1.0,11.60000038146973,30.90999984699074,0.6000000238418579,2.100000143051147,-12.80000019073486,-7.0,-1.200000047683716,2.600000143051147,1.189999937997685
1429,2020-02-15,41.9952,122.8224,11.40000057220459,11.30000019073486,27.94999885599537,1.0,13.19999980926514,-9.699999809265137,-4.0,1.700000047683716,3.100000143051147,4.389999865995371
1430,2020-03-16,41.9952,122.8224,13.0,11.30000019073486,21.77000045799769,2.5,8.800000190734863,-1.5,4.200000286102295,9.90000057220459,4.0,3.889999865995371
1431,2020-04-16,41.9952,122.8224,48.90000152587891,12.30000019073486,6.279999732997685,3.900000095367432,25.60000038146973,4.5,10.60000038146973,16.80000114440918,5.5,5.039999961990741
1432,2020-05-16,41.9952,122.8224,49.60000228881836,11.0,0.0,4.599999904632568,84.70000457763672,12.19999980926514,17.70000076293945,23.20000076293945,11.5,12.17999935199074
1433,2020-06-16,41.9952,122.8224,50.90000152587891,10.5,0.0,5.200000286102295,56.60000228881836,18.30000114440918,23.5,28.80000114440918,17.70000076293945,10.22999954199074
1434,2020-07-16,41.9952,122.8224,60.10000228881836,8.90000057220459,0.0,4.599999904632568,81.80000305175781,21.30000114440918,25.70000076293945,30.20000076293945,22.60000038146973,9.670000075995372
1435,2020-08-16,41.9952,122.8224,72.70000457763672,8.5,0.0,3.5,237.1999969482422,20.89999961853027,25.10000038146973,29.39999961853027,24.39999961853027,14.069999695
1436,2020-09-16,41.9952,122.8224,43.10000228881836,9.90000057220459,0.0,3.200000047683716,123.5999984741211,14.19999980926514,19.10000038146973,24.10000038146973,15.40000057220459,10.76999950399306
1437,2020-10-16,41.9952,122.8224,31.60000038146973,12.30000019073486,5.849999905,2.5,28.0,4.800000190734863,10.90000057220459,17.10000038146973,7.099999904632568,5.650000095
1438,2020-11-16,41.9952,122.8224,26.30000114440918,10.19999980926514,22.34000015299769,1.300000071525574,38.70000076293945,-2.100000143051147,3.0,8.100000381469727,4.599999904632568,7.38999986599537
1439,2020-12-16,41.9952,122.8224,28.70000076293945,10.19999980926514,30.69999885599537,0.699999988079071,1.300000071525574,-11.80000019073486,-6.700000286102295,-1.600000023841858,2.200000047683716,1.0
1440,2021-01-16,41.9952,122.8224,22.10000038146973,11.10000038146973,31.0,0.5,8.5,-15.10000038146973,-9.5,-4.0,2.200000047683716,3.609999895
1441,2021-02-15,41.9952,122.8224,25.0,12.10000038146973,27.02999877899306,1.100000023841858,6.099999904632568,-9.800000190734863,-3.700000047683716,2.400000095367432,2.900000095367432,3.409999846990741
1442,2021-03-16,41.9952,122.8224,42.5,11.5,19.23999977099537,2.400000095367432,14.5,-0.5,5.300000190734863,11.10000038146973,4.700000286102295,4.829999923993055
1443,2021-04-16,41.9952,122.8224,44.5,11.40000057220459,3.119999885995371,4.099999904632568,31.60000038146973,6.200000286102295,11.90000057220459,17.60000038146973,6.200000286102295,6.11999988599537
1444,2021-05-16,41.9952,122.8224,60.79999923706055,12.0,0.0,4.700000286102295,46.79999923706055,11.60000038146973,17.60000038146973,23.60000038146973,10.30000019073486,8.319999694988427
1445,2021-06-16,41.9952,122.8224,63.20000076293945,9.800000190734863,0.0,4.599999904632568,128.3000030517578,17.80000114440918,22.70000076293945,27.60000038146973,17.80000114440918,14.46999931299768
1446,2021-07-16,41.9952,122.8224,67.5,7.5,0.0,4.200000286102295,112.0999984741211,23.20000076293945,26.89999961853027,30.70000076293945,27.0,11.52999973299769
1447,2021-08-16,41.9952,122.8224,69.20000457763672,8.699999809265137,0.0,3.5,143.4000091552734,19.80000114440918,24.10000038146973,28.5,22.89999961853027,13.48999977099537
1448,2021-09-16,41.9952,122.8224,43.29999923706055,10.30000019073486,0.0,3.200000047683716,160.9000091552734,14.69999980926514,19.80000114440918,25.0,16.60000038146973,12.17000007599537
1449,2021-10-16,41.9952,122.8224,37.20000076293945,12.19999980926514,5.230000018993056,2.200000047683716,78.5999984741211,5.099999904632568,11.19999980926514,17.30000114440918,8.40000057220459,8.789999961990741
1450,2021-11-16,41.9952,122.8224,49.79999923706055,9.699999809265137,22.569999695,1.100000023841858,33.10000228881836,-2.299999952316284,2.600000143051147,7.5,5.099999904632568,8.25
1451,2021-12-16,41.9952,122.8224,4.800000190734863,10.60000038146973,30.25,0.699999988079071,2.200000047683716,-10.5,-5.200000286102295,0.1000000014901161,2.600000143051147,1.689999937997685
1452,2022-01-16,41.9952,122.8224,9.600000381469727,11.5,31.0,0.6000000238418579,0.5,-14.5,-8.699999809265137,-3.0,2.0,0.629999995
1453,2022-02-15,41.9952,122.8224,16.0,11.30000019073486,27.76000022899306,1.0,3.299999952316284,-11.90000057220459,-6.200000286102295,-0.6000000238418579,2.200000047683716,2.50999999
1454,2022-03-16,41.9952,122.8224,37.60000228881836,10.5,21.77000045799769,2.200000047683716,30.70000076293945,-1.5,3.799999952316284,9.100000381469727,4.200000286102295,7.579999923993056
1455,2022-04-16,41.9952,122.8224,34.29999923706055,13.0,3.119999885995371,4.400000095367432,11.30000019073486,6.200000286102295,12.69999980926514,19.20000076293945,6.400000095367432,3.389999865995371
1456,2022-05-16,41.9952,122.8224,52.29999923706055,12.40000057220459,0.0,5.099999904632568,35.29999923706055,12.0,18.20000076293945,24.39999961853027,10.10000038146973,7.049999713993055
1457,2022-06-16,41.9952,122.8224,70.30000305175781,8.699999809265137,0.0,4.0,186.0,18.39999961853027,22.70000076293945,27.10000038146973,19.89999961853027,18.27999877899305
1458,2022-07-16,41.9952,122.8224,74.4000015258789,8.199999809265137,0.0,3.799999952316284,212.0,22.30000114440918,26.39999961853027,30.5,27.0,15.03999996199074
1459,2022-08-16,41.9952,122.8224,59.60000228881836,9.199999809265137,0.0,3.700000047683716,117.0999984741211,19.5,24.10000038146973,28.70000076293945,23.20000076293945,11.36999988599537
1460,2022-09-16,41.9952,122.8224,39.20000076293945,12.5,0.0,3.600000143051147,98.20000457763672,13.69999980926514,19.89999961853027,26.20000076293945,14.90000057220459,7.170000075995371
1461,2022-10-16,41.9952,122.8224,38.90000152587891,11.80000019073486,6.26999998099537,2.200000047683716,53.10000228881836,4.599999904632568,10.5,16.39999961853027,7.900000095367432,7.899999618993055
1462,2022-11-16,41.9952,122.8224,37.29999923706055,10.60000038146973,21.069999695,1.300000071525574,30.30000114440918,-1.5,3.799999952316284,9.100000381469727,5.300000190734863,8.079999923993055
1463,2022-12-16,41.9952,122.8224,28.5,10.10000038146973,30.98999977099537,0.699999988079071,4.099999904632568,-13.60000038146973,-8.5,-3.5,1.800000071525574,2.00999999
